+-------+-------+-------+
| 4 0 0 | 0 0 0 | 8 0 5 |
| 0 3 0 | 0 0 0 | 0 0 0 |
| 0 0 0 | 7 0 0 | 0 0 0 |
+-------+-------+-------+
| 0 2 0 | 0 0 0 | 0 6 0 |
| 0 0 0 | 0 8 0 | 4 0 0 |
| 0 0 0 | 0 1 0 | 0 0 0 |
+-------+-------+-------+
| 0 0 0 | 6 0 3 | 0 7 0 |
| 5 0 0 | 2 0 0 | 0 0 0 |
| 1 0 4 | 0 0 0 | 0 0 0 |
+-------+-------+-------+
+-------+-------+-------+
| 4 1 7 | 3 6 9 | 8 2 5 |
| 6 3 2 | 1 5 8 | 9 4 7 |
| 9 5 8 | 7 2 4 | 3 1 6 |
+-------+-------+-------+
| 8 2 5 | 4 3 7 | 1 6 9 |
| 7 9 1 | 5 8 6 | 4 3 2 |
| 3 4 6 | 9 1 2 | 7 5 8 |
+-------+-------+-------+
| 2 8 9 | 6 4 3 | 5 7 1 |
| 5 7 3 | 2 9 1 | 6 8 4 |
| 1 6 4 | 8 7 5 | 2 9 3 |
+-------+-------+-------+
Судоку   1  решена за 0.109375 секунд.

+-------+-------+-------+
| 5 2 0 | 0 0 6 | 0 0 0 |
| 0 0 0 | 0 0 0 | 7 0 1 |
| 3 0 0 | 0 0 0 | 0 0 0 |
+-------+-------+-------+
| 0 0 0 | 4 0 0 | 8 0 0 |
| 6 0 0 | 0 0 0 | 0 5 0 |
| 0 0 0 | 0 0 0 | 0 0 0 |
+-------+-------+-------+
| 0 4 1 | 8 0 0 | 0 0 0 |
| 0 0 0 | 0 3 0 | 0 2 0 |
| 0 0 8 | 7 0 0 | 0 0 0 |
+-------+-------+-------+
+-------+-------+-------+
| 5 2 7 | 3 1 6 | 4 8 9 |
| 8 9 6 | 5 4 2 | 7 3 1 |
| 3 1 4 | 9 8 7 | 5 6 2 |
+-------+-------+-------+
| 1 7 2 | 4 5 3 | 8 9 6 |
| 6 8 9 | 2 7 1 | 3 5 4 |
| 4 5 3 | 6 9 8 | 2 1 7 |
+-------+-------+-------+
| 9 4 1 | 8 2 5 | 6 7 3 |
| 7 6 5 | 1 3 4 | 9 2 8 |
| 2 3 8 | 7 6 9 | 1 4 5 |
+-------+-------+-------+
Судоку   2  решена за 0.328125 секунд.

+-------+-------+-------+
| 6 0 0 | 0 0 0 | 8 0 3 |
| 0 4 0 | 7 0 0 | 0 0 0 |
| 0 0 0 | 0 0 0 | 0 0 0 |
+-------+-------+-------+
| 0 0 0 | 5 0 4 | 0 7 0 |
| 3 0 0 | 2 0 0 | 0 0 0 |
| 1 0 6 | 0 0 0 | 0 0 0 |
+-------+-------+-------+
| 0 2 0 | 0 0 0 | 0 5 0 |
| 0 0 0 | 0 8 0 | 6 0 0 |
| 0 0 0 | 0 1 0 | 0 0 0 |
+-------+-------+-------+
+-------+-------+-------+
| 6 1 7 | 4 5 9 | 8 2 3 |
| 2 4 8 | 7 3 6 | 9 1 5 |
| 5 3 9 | 1 2 8 | 4 6 7 |
+-------+-------+-------+
| 9 8 2 | 5 6 4 | 3 7 1 |
| 3 7 4 | 2 9 1 | 5 8 6 |
| 1 5 6 | 8 7 3 | 2 9 4 |
+-------+-------+-------+
| 8 2 3 | 6 4 7 | 1 5 9 |
| 7 9 1 | 3 8 5 | 6 4 2 |
| 4 6 5 | 9 1 2 | 7 3 8 |
+-------+-------+-------+
Судоку   3  решена за 0.328125 секунд.

+-------+-------+-------+
| 4 8 0 | 3 0 0 | 0 0 0 |
| 0 0 0 | 0 0 0 | 0 7 1 |
| 0 2 0 | 0 0 0 | 0 0 0 |
+-------+-------+-------+
| 7 0 5 | 0 0 0 | 0 6 0 |
| 0 0 0 | 2 0 0 | 8 0 0 |
| 0 0 0 | 0 0 0 | 0 0 0 |
+-------+-------+-------+
| 0 0 1 | 0 7 6 | 0 0 0 |
| 3 0 0 | 0 0 0 | 4 0 0 |
| 0 0 0 | 0 5 0 | 0 0 0 |
+-------+-------+-------+
+-------+-------+-------+
| 4 8 7 | 3 1 2 | 6 9 5 |
| 5 9 3 | 6 8 4 | 2 7 1 |
| 1 2 6 | 5 9 7 | 3 8 4 |
+-------+-------+-------+
| 7 3 5 | 8 4 9 | 1 6 2 |
| 9 1 4 | 2 6 5 | 8 3 7 |
| 2 6 8 | 7 3 1 | 5 4 9 |
+-------+-------+-------+
| 8 5 1 | 4 7 6 | 9 2 3 |
| 3 7 9 | 1 2 8 | 4 5 6 |
| 6 4 2 | 9 5 3 | 7 1 8 |
+-------+-------+-------+
Судоку   4  решена за 16.0625 секунд.

+-------+-------+-------+
| 0 0 0 | 0 1 4 | 0 0 0 |
| 0 3 0 | 0 0 0 | 2 0 0 |
| 0 7 0 | 0 0 0 | 0 0 0 |
+-------+-------+-------+
| 0 0 0 | 9 0 0 | 0 3 0 |
| 6 0 1 | 0 0 0 | 0 0 0 |
| 0 0 0 | 0 0 0 | 0 8 0 |
+-------+-------+-------+
| 2 0 0 | 0 0 0 | 1 0 4 |
| 0 0 0 | 0 5 0 | 6 0 0 |
| 0 0 0 | 7 0 8 | 0 0 0 |
+-------+-------+-------+
+-------+-------+-------+
| 9 6 2 | 3 1 4 | 8 5 7 |
| 1 3 4 | 5 8 7 | 2 6 9 |
| 5 7 8 | 2 9 6 | 4 1 3 |
+-------+-------+-------+
| 8 4 7 | 9 6 2 | 5 3 1 |
| 6 5 1 | 8 7 3 | 9 4 2 |
| 3 2 9 | 1 4 5 | 7 8 6 |
+-------+-------+-------+
| 2 8 5 | 6 3 9 | 1 7 4 |
| 7 9 3 | 4 5 1 | 6 2 8 |
| 4 1 6 | 7 2 8 | 3 9 5 |
+-------+-------+-------+
Судоку   5  решена за 4.515625 секунд.

+-------+-------+-------+
| 0 0 0 | 0 0 0 | 5 2 0 |
| 0 8 0 | 4 0 0 | 0 0 0 |
| 0 3 0 | 0 0 9 | 0 0 0 |
+-------+-------+-------+
| 5 0 1 | 0 0 0 | 6 0 0 |
| 2 0 0 | 7 0 0 | 0 0 0 |
| 0 0 0 | 3 0 0 | 0 0 0 |
+-------+-------+-------+
| 6 0 0 | 0 1 0 | 0 0 0 |
| 0 0 0 | 0 0 0 | 7 0 4 |
| 0 0 0 | 0 0 0 | 0 3 0 |
+-------+-------+-------+
+-------+-------+-------+
| 4 1 6 | 8 3 7 | 5 2 9 |
| 9 8 2 | 4 6 5 | 3 7 1 |
| 7 3 5 | 1 2 9 | 4 6 8 |
+-------+-------+-------+
| 5 7 1 | 2 9 8 | 6 4 3 |
| 2 9 3 | 7 4 6 | 1 8 5 |
| 8 6 4 | 3 5 1 | 2 9 7 |
+-------+-------+-------+
| 6 4 7 | 9 1 3 | 8 5 2 |
| 3 5 9 | 6 8 2 | 7 1 4 |
| 1 2 8 | 5 7 4 | 9 3 6 |
+-------+-------+-------+
Судоку   6  решена за 44.296875 секунд.

+-------+-------+-------+
| 6 0 2 | 0 5 0 | 0 0 0 |
| 0 0 0 | 0 0 3 | 0 4 0 |
| 0 0 0 | 0 0 0 | 0 0 0 |
+-------+-------+-------+
| 4 3 0 | 0 0 8 | 0 0 0 |
| 0 1 0 | 0 0 0 | 2 0 0 |
| 0 0 0 | 0 0 0 | 7 0 0 |
+-------+-------+-------+
| 5 0 0 | 2 7 0 | 0 0 0 |
| 0 0 0 | 0 0 0 | 0 8 1 |
| 0 0 0 | 6 0 0 | 0 0 0 |
+-------+-------+-------+
+-------+-------+-------+
| 6 8 2 | 1 5 4 | 3 7 9 |
| 9 5 1 | 7 6 3 | 8 4 2 |
| 3 7 4 | 8 9 2 | 1 6 5 |
+-------+-------+-------+
| 4 3 7 | 5 2 8 | 9 1 6 |
| 8 1 6 | 9 3 7 | 2 5 4 |
| 2 9 5 | 4 1 6 | 7 3 8 |
+-------+-------+-------+
| 5 6 8 | 2 7 1 | 4 9 3 |
| 7 2 9 | 3 4 5 | 6 8 1 |
| 1 4 3 | 6 8 9 | 5 2 7 |
+-------+-------+-------+
Судоку   7  решена за 19.3125 секунд.

+-------+-------+-------+
| 0 5 2 | 4 0 0 | 0 0 0 |
| 0 0 0 | 0 7 0 | 1 0 0 |
| 0 0 0 | 0 0 0 | 0 0 0 |
+-------+-------+-------+
| 0 0 0 | 8 0 2 | 0 0 0 |
| 3 0 0 | 0 0 0 | 6 0 0 |
| 0 9 0 | 5 0 0 | 0 0 0 |
+-------+-------+-------+
| 1 0 6 | 0 3 0 | 0 0 0 |
| 0 0 0 | 0 0 0 | 0 8 9 |
| 7 0 0 | 0 0 0 | 0 0 0 |
+-------+-------+-------+
+-------+-------+-------+
| 6 5 2 | 4 8 1 | 9 3 7 |
| 8 3 4 | 6 7 9 | 1 5 2 |
| 9 7 1 | 3 2 5 | 8 6 4 |
+-------+-------+-------+
| 4 6 7 | 8 1 2 | 5 9 3 |
| 3 1 5 | 7 9 4 | 6 2 8 |
| 2 9 8 | 5 6 3 | 4 7 1 |
+-------+-------+-------+
| 1 8 6 | 9 3 7 | 2 4 5 |
| 5 2 3 | 1 4 6 | 7 8 9 |
| 7 4 9 | 2 5 8 | 3 1 6 |
+-------+-------+-------+
Судоку   8  решена за 0.234375 секунд.

+-------+-------+-------+
| 6 0 2 | 0 5 0 | 0 0 0 |
| 0 0 0 | 0 0 4 | 0 3 0 |
| 0 0 0 | 0 0 0 | 0 0 0 |
+-------+-------+-------+
| 4 3 0 | 0 0 8 | 0 0 0 |
| 0 1 0 | 0 0 0 | 2 0 0 |
| 0 0 0 | 0 0 0 | 7 0 0 |
+-------+-------+-------+
| 5 0 0 | 2 7 0 | 0 0 0 |
| 0 0 0 | 0 0 0 | 0 8 1 |
| 0 0 0 | 6 0 0 | 0 0 0 |
+-------+-------+-------+
+-------+-------+-------+
| 6 8 2 | 1 5 3 | 4 7 9 |
| 9 5 1 | 7 6 4 | 8 3 2 |
| 3 7 4 | 8 9 2 | 1 6 5 |
+-------+-------+-------+
| 4 3 7 | 5 2 8 | 9 1 6 |
| 8 1 6 | 9 4 7 | 2 5 3 |
| 2 9 5 | 3 1 6 | 7 4 8 |
+-------+-------+-------+
| 5 6 8 | 2 7 1 | 3 9 4 |
| 7 2 9 | 4 3 5 | 6 8 1 |
| 1 4 3 | 6 8 9 | 5 2 7 |
+-------+-------+-------+
Судоку   9  решена за 16.0 секунд.

+-------+-------+-------+
| 0 9 2 | 3 0 0 | 0 0 0 |
| 0 0 0 | 0 8 0 | 1 0 0 |
| 0 0 0 | 0 0 0 | 0 0 0 |
+-------+-------+-------+
| 1 0 7 | 0 4 0 | 0 0 0 |
| 0 0 0 | 0 0 0 | 0 6 5 |
| 8 0 0 | 0 0 0 | 0 0 0 |
+-------+-------+-------+
| 0 6 0 | 5 0 2 | 0 0 0 |
| 4 0 0 | 0 0 0 | 7 0 0 |
| 0 0 0 | 9 0 0 | 0 0 0 |
+-------+-------+-------+
+-------+-------+-------+
| 7 9 2 | 3 5 1 | 6 4 8 |
| 5 4 3 | 7 8 6 | 1 2 9 |
| 6 8 1 | 4 2 9 | 5 3 7 |
+-------+-------+-------+
| 1 5 7 | 6 4 8 | 2 9 3 |
| 9 2 4 | 1 3 7 | 8 6 5 |
| 8 3 6 | 2 9 5 | 4 7 1 |
+-------+-------+-------+
| 3 6 8 | 5 7 2 | 9 1 4 |
| 4 1 9 | 8 6 3 | 7 5 2 |
| 2 7 5 | 9 1 4 | 3 8 6 |
+-------+-------+-------+
Судоку  10  решена за 22.9375 секунд.

+-------+-------+-------+
| 6 0 0 | 3 0 2 | 0 0 0 |
| 0 5 0 | 0 0 0 | 0 1 0 |
| 0 0 0 | 0 0 0 | 0 0 0 |
+-------+-------+-------+
| 7 0 2 | 6 0 0 | 0 0 0 |
| 0 0 0 | 0 0 0 | 0 5 4 |
| 3 0 0 | 0 0 0 | 0 0 0 |
+-------+-------+-------+
| 0 8 0 | 1 5 0 | 0 0 0 |
| 0 0 0 | 0 4 0 | 2 0 0 |
| 0 0 0 | 0 0 0 | 7 0 0 |
+-------+-------+-------+
+-------+-------+-------+
| 6 1 4 | 3 8 2 | 5 7 9 |
| 9 5 3 | 7 6 4 | 8 1 2 |
| 8 2 7 | 5 9 1 | 4 3 6 |
+-------+-------+-------+
| 7 4 2 | 6 3 5 | 1 9 8 |
| 1 6 8 | 2 7 9 | 3 5 4 |
| 3 9 5 | 4 1 8 | 6 2 7 |
+-------+-------+-------+
| 2 8 6 | 1 5 7 | 9 4 3 |
| 5 7 9 | 8 4 3 | 2 6 1 |
| 4 3 1 | 9 2 6 | 7 8 5 |
+-------+-------+-------+
Судоку  11  решена за 3.4375 секунд.

+-------+-------+-------+
| 0 6 0 | 5 0 1 | 0 9 0 |
| 1 0 0 | 0 9 0 | 0 5 3 |
| 9 0 0 | 0 0 7 | 0 0 0 |
+-------+-------+-------+
| 0 4 0 | 8 0 0 | 0 7 0 |
| 0 0 0 | 0 0 0 | 5 0 8 |
| 0 8 1 | 7 0 5 | 0 3 0 |
+-------+-------+-------+
| 0 0 0 | 0 5 0 | 2 0 0 |
| 0 0 0 | 0 0 0 | 0 0 0 |
| 0 7 6 | 0 0 8 | 0 0 0 |
+-------+-------+-------+
+-------+-------+-------+
| 8 6 3 | 5 2 1 | 7 9 4 |
| 1 2 7 | 4 9 6 | 8 5 3 |
| 9 5 4 | 3 8 7 | 6 2 1 |
+-------+-------+-------+
| 6 4 5 | 8 3 9 | 1 7 2 |
| 7 3 9 | 1 4 2 | 5 6 8 |
| 2 8 1 | 7 6 5 | 4 3 9 |
+-------+-------+-------+
| 4 9 8 | 6 5 3 | 2 1 7 |
| 5 1 2 | 9 7 4 | 3 8 6 |
| 3 7 6 | 2 1 8 | 9 4 5 |
+-------+-------+-------+
Судоку  12  решена за 0.28125 секунд.

+-------+-------+-------+
| 0 0 5 | 0 0 0 | 9 8 7 |
| 0 4 0 | 0 5 0 | 0 0 1 |
| 0 0 7 | 0 0 0 | 0 0 0 |
+-------+-------+-------+
| 2 0 0 | 0 4 8 | 0 0 0 |
| 0 9 0 | 1 0 0 | 0 0 0 |
| 6 0 0 | 2 0 0 | 0 0 0 |
+-------+-------+-------+
| 3 0 0 | 6 0 0 | 2 0 0 |
| 0 0 0 | 0 0 9 | 0 7 0 |
| 0 0 0 | 0 0 0 | 5 0 0 |
+-------+-------+-------+
+-------+-------+-------+
| 1 3 5 | 4 2 6 | 9 8 7 |
| 8 4 6 | 9 5 7 | 3 2 1 |
| 9 2 7 | 3 8 1 | 4 6 5 |
+-------+-------+-------+
| 2 1 3 | 7 4 8 | 6 5 9 |
| 5 9 8 | 1 6 3 | 7 4 2 |
| 6 7 4 | 2 9 5 | 8 1 3 |
+-------+-------+-------+
| 3 5 1 | 6 7 4 | 2 9 8 |
| 4 8 2 | 5 3 9 | 1 7 6 |
| 7 6 9 | 8 1 2 | 5 3 4 |
+-------+-------+-------+
Судоку  13  решена за 0.625 секунд.

+-------+-------+-------+
| 3 0 6 | 0 7 0 | 0 0 0 |
| 0 0 0 | 0 0 0 | 0 5 1 |
| 8 0 0 | 0 0 0 | 0 0 0 |
+-------+-------+-------+
| 0 1 0 | 4 0 5 | 0 0 0 |
| 7 0 0 | 0 0 0 | 6 0 0 |
| 0 0 0 | 2 0 0 | 0 0 0 |
+-------+-------+-------+
| 0 2 0 | 0 0 0 | 0 4 0 |
| 0 0 0 | 0 8 0 | 3 0 0 |
| 0 0 0 | 5 0 0 | 0 0 0 |
+-------+-------+-------+
+-------+-------+-------+
| 3 5 6 | 8 7 1 | 2 9 4 |
| 9 7 2 | 6 4 3 | 8 5 1 |
| 8 4 1 | 9 5 2 | 7 3 6 |
+-------+-------+-------+
| 2 1 3 | 4 6 5 | 9 8 7 |
| 7 9 4 | 3 1 8 | 6 2 5 |
| 6 8 5 | 2 9 7 | 4 1 3 |
+-------+-------+-------+
| 1 2 8 | 7 3 6 | 5 4 9 |
| 5 6 9 | 1 8 4 | 3 7 2 |
| 4 3 7 | 5 2 9 | 1 6 8 |
+-------+-------+-------+
Судоку  14  решена за 6.140625 секунд.

+-------+-------+-------+
| 1 0 0 | 0 0 0 | 3 0 8 |
| 0 7 0 | 4 0 0 | 0 0 0 |
| 0 0 0 | 0 0 0 | 0 0 0 |
+-------+-------+-------+
| 2 0 3 | 0 1 0 | 0 0 0 |
| 0 0 0 | 0 0 0 | 0 9 5 |
| 8 0 0 | 0 0 0 | 0 0 0 |
+-------+-------+-------+
| 0 5 0 | 6 0 0 | 0 7 0 |
| 0 0 0 | 0 8 0 | 2 0 0 |
| 0 4 0 | 0 0 0 | 0 0 0 |
+-------+-------+-------+
+-------+-------+-------+
| 1 2 9 | 5 7 6 | 3 4 8 |
| 3 7 6 | 4 2 8 | 5 1 9 |
| 5 8 4 | 3 9 1 | 6 2 7 |
+-------+-------+-------+
| 2 9 3 | 8 1 5 | 7 6 4 |
| 4 1 7 | 2 6 3 | 8 9 5 |
| 8 6 5 | 7 4 9 | 1 3 2 |
+-------+-------+-------+
| 9 5 8 | 6 3 2 | 4 7 1 |
| 7 3 1 | 9 8 4 | 2 5 6 |
| 6 4 2 | 1 5 7 | 9 8 3 |
+-------+-------+-------+
Судоку  15  решена за 0.71875 секунд.

+-------+-------+-------+
| 6 0 0 | 3 0 2 | 0 0 0 |
| 0 4 0 | 0 0 0 | 0 1 0 |
| 0 0 0 | 0 0 0 | 0 0 0 |
+-------+-------+-------+
| 7 0 2 | 6 0 0 | 0 0 0 |
| 0 0 0 | 0 0 0 | 0 5 4 |
| 3 0 0 | 0 0 0 | 0 0 0 |
+-------+-------+-------+
| 0 8 0 | 1 5 0 | 0 0 0 |
| 0 0 0 | 0 4 0 | 2 0 0 |
| 0 0 0 | 0 0 0 | 7 0 0 |
+-------+-------+-------+
+-------+-------+-------+
| 6 1 5 | 3 8 2 | 4 7 9 |
| 9 4 3 | 7 6 5 | 8 1 2 |
| 8 2 7 | 4 9 1 | 5 3 6 |
+-------+-------+-------+
| 7 5 2 | 6 3 4 | 1 9 8 |
| 1 6 8 | 2 7 9 | 3 5 4 |
| 3 9 4 | 5 1 8 | 6 2 7 |
+-------+-------+-------+
| 2 8 6 | 1 5 7 | 9 4 3 |
| 5 7 9 | 8 4 3 | 2 6 1 |
| 4 3 1 | 9 2 6 | 7 8 5 |
+-------+-------+-------+
Судоку  16  решена за 3.890625 секунд.

+-------+-------+-------+
| 0 0 0 | 0 3 0 | 0 9 0 |
| 0 0 0 | 2 0 0 | 0 0 1 |
| 0 5 0 | 9 0 0 | 0 0 0 |
+-------+-------+-------+
| 0 0 0 | 0 0 0 | 0 0 0 |
| 1 0 2 | 0 8 0 | 4 0 6 |
| 0 8 0 | 5 0 0 | 0 2 0 |
+-------+-------+-------+
| 0 7 5 | 0 0 0 | 0 0 0 |
| 4 0 1 | 0 0 6 | 0 0 3 |
| 0 0 0 | 0 0 4 | 0 6 0 |
+-------+-------+-------+
+-------+-------+-------+
| 7 1 8 | 4 3 5 | 6 9 2 |
| 9 6 3 | 2 7 8 | 5 4 1 |
| 2 5 4 | 9 6 1 | 3 7 8 |
+-------+-------+-------+
| 5 4 7 | 6 1 2 | 8 3 9 |
| 1 9 2 | 3 8 7 | 4 5 6 |
| 3 8 6 | 5 4 9 | 1 2 7 |
+-------+-------+-------+
| 6 7 5 | 8 9 3 | 2 1 4 |
| 4 2 1 | 7 5 6 | 9 8 3 |
| 8 3 9 | 1 2 4 | 7 6 5 |
+-------+-------+-------+
Судоку  17  решена за 0.25 секунд.

+-------+-------+-------+
| 4 5 0 | 0 0 0 | 0 3 0 |
| 0 0 0 | 8 0 1 | 0 0 0 |
| 0 9 0 | 0 0 0 | 0 0 0 |
+-------+-------+-------+
| 0 0 0 | 0 5 0 | 0 9 0 |
| 2 0 0 | 7 0 0 | 0 0 0 |
| 8 0 0 | 0 0 0 | 0 0 0 |
+-------+-------+-------+
| 0 1 0 | 0 4 0 | 0 0 0 |
| 0 0 0 | 0 0 0 | 7 0 2 |
| 0 0 0 | 6 0 0 | 8 0 0 |
+-------+-------+-------+
+-------+-------+-------+
| 4 5 8 | 2 7 6 | 9 3 1 |
| 6 2 3 | 8 9 1 | 4 7 5 |
| 1 9 7 | 5 3 4 | 2 8 6 |
+-------+-------+-------+
| 3 7 1 | 4 5 2 | 6 9 8 |
| 2 6 9 | 7 8 3 | 1 5 4 |
| 8 4 5 | 1 6 9 | 3 2 7 |
+-------+-------+-------+
| 7 1 2 | 9 4 8 | 5 6 3 |
| 9 8 6 | 3 1 5 | 7 4 2 |
| 5 3 4 | 6 2 7 | 8 1 9 |
+-------+-------+-------+
Судоку  18  решена за 18.15625 секунд.

+-------+-------+-------+
| 0 2 3 | 7 0 0 | 0 0 6 |
| 8 0 0 | 0 6 0 | 5 9 0 |
| 9 0 0 | 0 0 0 | 7 0 0 |
+-------+-------+-------+
| 0 0 0 | 0 4 0 | 9 7 0 |
| 3 0 7 | 0 9 6 | 0 0 2 |
| 0 0 0 | 0 0 0 | 0 0 0 |
+-------+-------+-------+
| 5 0 0 | 4 7 0 | 0 0 0 |
| 0 0 0 | 0 0 2 | 0 0 0 |
| 0 8 0 | 0 0 0 | 0 0 0 |
+-------+-------+-------+
+-------+-------+-------+
| 1 2 3 | 7 5 9 | 4 8 6 |
| 8 7 4 | 2 6 1 | 5 9 3 |
| 9 6 5 | 3 8 4 | 7 2 1 |
+-------+-------+-------+
| 2 1 6 | 5 4 3 | 9 7 8 |
| 3 5 7 | 8 9 6 | 1 4 2 |
| 4 9 8 | 1 2 7 | 3 6 5 |
+-------+-------+-------+
| 5 3 2 | 4 7 8 | 6 1 9 |
| 6 4 1 | 9 3 2 | 8 5 7 |
| 7 8 9 | 6 1 5 | 2 3 4 |
+-------+-------+-------+
Судоку  19  решена за 0.015625 секунд.

+-------+-------+-------+
| 0 0 8 | 4 0 0 | 0 3 0 |
| 0 0 0 | 3 0 0 | 0 0 0 |
| 9 0 0 | 0 0 1 | 5 7 4 |
+-------+-------+-------+
| 7 9 0 | 0 0 8 | 0 0 0 |
| 0 0 0 | 0 0 7 | 0 0 5 |
| 1 4 0 | 0 0 0 | 0 2 0 |
+-------+-------+-------+
| 0 0 9 | 0 6 0 | 0 0 2 |
| 0 5 0 | 0 0 0 | 4 0 0 |
| 0 0 0 | 0 9 0 | 0 5 6 |
+-------+-------+-------+
+-------+-------+-------+
| 5 1 8 | 4 7 6 | 2 3 9 |
| 4 2 7 | 3 5 9 | 6 1 8 |
| 9 6 3 | 8 2 1 | 5 7 4 |
+-------+-------+-------+
| 7 9 5 | 2 4 8 | 3 6 1 |
| 8 3 2 | 6 1 7 | 9 4 5 |
| 1 4 6 | 9 3 5 | 8 2 7 |
+-------+-------+-------+
| 3 7 9 | 5 6 4 | 1 8 2 |
| 6 5 1 | 7 8 2 | 4 9 3 |
| 2 8 4 | 1 9 3 | 7 5 6 |
+-------+-------+-------+
Судоку  20  решена за 0.375 секунд.

+-------+-------+-------+
| 0 9 8 | 0 1 0 | 0 0 0 |
| 2 0 0 | 0 0 0 | 0 6 0 |
| 0 0 0 | 0 0 0 | 0 0 0 |
+-------+-------+-------+
| 0 0 0 | 3 0 2 | 0 5 0 |
| 0 8 4 | 0 0 0 | 0 0 0 |
| 0 0 0 | 6 0 0 | 0 0 0 |
+-------+-------+-------+
| 0 0 0 | 0 4 0 | 8 0 9 |
| 3 0 0 | 5 0 0 | 0 0 0 |
| 0 0 0 | 0 0 0 | 1 0 0 |
+-------+-------+-------+
+-------+-------+-------+
| 4 9 8 | 7 1 6 | 5 2 3 |
| 2 5 7 | 8 3 9 | 4 6 1 |
| 1 3 6 | 4 2 5 | 9 8 7 |
+-------+-------+-------+
| 9 7 1 | 3 8 2 | 6 5 4 |
| 6 8 4 | 1 5 7 | 3 9 2 |
| 5 2 3 | 6 9 4 | 7 1 8 |
+-------+-------+-------+
| 7 6 5 | 2 4 1 | 8 3 9 |
| 3 1 9 | 5 7 8 | 2 4 6 |
| 8 4 2 | 9 6 3 | 1 7 5 |
+-------+-------+-------+
Судоку  21  решена за 28.984375 секунд.

+-------+-------+-------+
| 0 0 2 | 4 7 0 | 0 5 8 |
| 0 0 0 | 0 0 0 | 0 0 0 |
| 0 0 0 | 0 0 1 | 0 4 0 |
+-------+-------+-------+
| 0 0 0 | 0 2 0 | 0 0 9 |
| 5 2 8 | 0 9 0 | 4 0 0 |
| 0 0 9 | 0 0 0 | 1 0 0 |
+-------+-------+-------+
| 0 0 0 | 0 0 0 | 0 3 0 |
| 3 0 0 | 0 0 7 | 5 0 0 |
| 6 8 5 | 0 0 2 | 0 0 0 |
+-------+-------+-------+
+-------+-------+-------+
| 1 3 2 | 4 7 9 | 6 5 8 |
| 8 4 7 | 5 6 3 | 2 9 1 |
| 9 5 6 | 2 8 1 | 3 4 7 |
+-------+-------+-------+
| 4 1 3 | 7 2 5 | 8 6 9 |
| 5 2 8 | 1 9 6 | 4 7 3 |
| 7 6 9 | 3 4 8 | 1 2 5 |
+-------+-------+-------+
| 2 7 1 | 8 5 4 | 9 3 6 |
| 3 9 4 | 6 1 7 | 5 8 2 |
| 6 8 5 | 9 3 2 | 7 1 4 |
+-------+-------+-------+
Судоку  22  решена за 0.046875 секунд.

+-------+-------+-------+
| 4 0 0 | 0 0 0 | 8 0 5 |
| 0 3 0 | 0 0 0 | 0 0 0 |
| 0 0 0 | 7 0 0 | 0 0 0 |
+-------+-------+-------+
| 0 2 0 | 0 0 0 | 0 6 0 |
| 0 0 0 | 0 5 0 | 4 0 0 |
| 0 0 0 | 0 1 0 | 0 0 0 |
+-------+-------+-------+
| 0 0 0 | 6 0 3 | 0 7 0 |
| 5 0 0 | 2 0 0 | 0 0 0 |
| 1 0 9 | 0 0 0 | 0 0 0 |
+-------+-------+-------+
+-------+-------+-------+
| 4 1 7 | 3 6 9 | 8 2 5 |
| 6 3 8 | 1 2 5 | 9 4 7 |
| 9 5 2 | 7 4 8 | 3 1 6 |
+-------+-------+-------+
| 8 2 5 | 4 3 7 | 1 6 9 |
| 7 9 1 | 8 5 6 | 4 3 2 |
| 3 4 6 | 9 1 2 | 7 5 8 |
+-------+-------+-------+
| 2 8 4 | 6 9 3 | 5 7 1 |
| 5 7 3 | 2 8 1 | 6 9 4 |
| 1 6 9 | 5 7 4 | 2 8 3 |
+-------+-------+-------+
Судоку  23  решена за 0.578125 секунд.

+-------+-------+-------+
| 0 2 0 | 3 0 0 | 0 0 0 |
| 0 6 3 | 0 0 0 | 0 0 5 |
| 8 0 0 | 0 0 0 | 0 0 1 |
+-------+-------+-------+
| 5 0 0 | 0 0 9 | 0 3 0 |
| 0 0 0 | 7 0 0 | 0 0 0 |
| 0 0 0 | 1 0 0 | 0 0 8 |
+-------+-------+-------+
| 0 8 7 | 9 0 0 | 2 6 0 |
| 0 0 0 | 0 0 6 | 0 7 0 |
| 0 0 6 | 0 0 7 | 0 0 4 |
+-------+-------+-------+
+-------+-------+-------+
| 9 2 5 | 3 7 1 | 4 8 6 |
| 1 6 3 | 4 9 8 | 7 2 5 |
| 8 7 4 | 5 6 2 | 3 9 1 |
+-------+-------+-------+
| 5 4 2 | 6 8 9 | 1 3 7 |
| 6 1 8 | 7 5 3 | 9 4 2 |
| 7 3 9 | 1 2 4 | 6 5 8 |
+-------+-------+-------+
| 4 8 7 | 9 1 5 | 2 6 3 |
| 3 5 1 | 2 4 6 | 8 7 9 |
| 2 9 6 | 8 3 7 | 5 1 4 |
+-------+-------+-------+
Судоку  24  решена за 0.453125 секунд.

+-------+-------+-------+
| 1 0 0 | 0 0 0 | 7 0 9 |
| 0 4 0 | 0 0 7 | 2 0 0 |
| 8 0 0 | 0 0 0 | 0 0 0 |
+-------+-------+-------+
| 0 7 0 | 0 1 0 | 0 6 0 |
| 3 0 0 | 0 0 0 | 0 0 5 |
| 0 6 0 | 0 4 0 | 0 2 0 |
+-------+-------+-------+
| 0 0 0 | 0 0 0 | 0 0 8 |
| 0 0 5 | 3 0 0 | 0 7 0 |
| 7 0 2 | 0 0 0 | 0 4 6 |
+-------+-------+-------+
+-------+-------+-------+
| 1 2 3 | 4 5 6 | 7 8 9 |
| 6 4 9 | 8 3 7 | 2 5 1 |
| 8 5 7 | 2 9 1 | 6 3 4 |
+-------+-------+-------+
| 2 7 4 | 5 1 8 | 9 6 3 |
| 3 9 8 | 6 7 2 | 4 1 5 |
| 5 6 1 | 9 4 3 | 8 2 7 |
+-------+-------+-------+
| 4 1 6 | 7 2 5 | 3 9 8 |
| 9 8 5 | 3 6 4 | 1 7 2 |
| 7 3 2 | 1 8 9 | 5 4 6 |
+-------+-------+-------+
Судоку  25  решена за 0.21875 секунд.

+-------+-------+-------+
| 4 0 0 | 0 0 0 | 3 0 0 |
| 0 0 0 | 8 0 2 | 0 0 0 |
| 0 0 0 | 7 0 0 | 0 0 0 |
+-------+-------+-------+
| 0 0 0 | 1 0 0 | 0 8 7 |
| 3 4 0 | 0 0 0 | 0 0 0 |
| 6 0 0 | 0 0 0 | 0 0 0 |
+-------+-------+-------+
| 5 0 0 | 0 6 0 | 0 0 0 |
| 0 0 0 | 0 1 0 | 4 0 0 |
| 0 8 2 | 0 0 0 | 0 0 0 |
+-------+-------+-------+
+-------+-------+-------+
| 4 7 5 | 6 9 1 | 3 2 8 |
| 9 6 1 | 8 3 2 | 7 4 5 |
| 8 2 3 | 7 5 4 | 1 9 6 |
+-------+-------+-------+
| 2 5 9 | 1 4 3 | 6 8 7 |
| 3 4 7 | 5 8 6 | 2 1 9 |
| 6 1 8 | 9 2 7 | 5 3 4 |
+-------+-------+-------+
| 5 3 4 | 2 6 9 | 8 7 1 |
| 7 9 6 | 3 1 8 | 4 5 2 |
| 1 8 2 | 4 7 5 | 9 6 3 |
+-------+-------+-------+
Судоку  26  решена за 1.84375 секунд.

+-------+-------+-------+
| 0 0 0 | 0 0 0 | 0 7 1 |
| 0 2 0 | 8 0 0 | 0 0 0 |
| 0 0 0 | 4 0 3 | 0 0 0 |
+-------+-------+-------+
| 7 0 0 | 0 6 0 | 0 5 0 |
| 0 0 0 | 2 0 0 | 3 0 0 |
| 9 0 0 | 0 0 0 | 0 0 0 |
+-------+-------+-------+
| 6 0 0 | 0 7 0 | 0 0 0 |
| 0 8 0 | 0 0 0 | 4 0 0 |
| 0 0 0 | 0 5 0 | 0 0 0 |
+-------+-------+-------+
+-------+-------+-------+
| 3 4 9 | 5 2 6 | 8 7 1 |
| 5 2 1 | 8 9 7 | 6 4 3 |
| 8 7 6 | 4 1 3 | 5 2 9 |
+-------+-------+-------+
| 7 1 8 | 3 6 9 | 2 5 4 |
| 4 6 5 | 2 8 1 | 3 9 7 |
| 9 3 2 | 7 4 5 | 1 8 6 |
+-------+-------+-------+
| 6 5 4 | 1 7 8 | 9 3 2 |
| 1 8 7 | 9 3 2 | 4 6 5 |
| 2 9 3 | 6 5 4 | 7 1 8 |
+-------+-------+-------+
Судоку  27  решена за 1.515625 секунд.

+-------+-------+-------+
| 6 0 0 | 3 0 2 | 0 0 0 |
| 0 4 0 | 0 0 0 | 0 8 0 |
| 0 0 0 | 0 0 0 | 0 0 0 |
+-------+-------+-------+
| 7 0 2 | 6 0 0 | 0 0 0 |
| 0 0 0 | 0 0 0 | 0 5 4 |
| 3 0 0 | 0 0 0 | 0 0 0 |
+-------+-------+-------+
| 0 8 0 | 1 5 0 | 0 0 0 |
| 0 0 0 | 0 8 0 | 2 0 0 |
| 0 0 0 | 0 0 0 | 7 0 0 |
+-------+-------+-------+
+-------+-------+-------+
| 6 1 8 | 3 4 2 | 5 7 9 |
| 9 4 3 | 7 6 5 | 1 8 2 |
| 5 2 7 | 8 9 1 | 4 3 6 |
+-------+-------+-------+
| 7 5 2 | 6 3 4 | 8 9 1 |
| 8 6 1 | 2 7 9 | 3 5 4 |
| 3 9 4 | 5 1 8 | 6 2 7 |
+-------+-------+-------+
| 2 8 6 | 1 5 7 | 9 4 3 |
| 1 7 9 | 4 8 3 | 2 6 5 |
| 4 3 5 | 9 2 6 | 7 1 8 |
+-------+-------+-------+
Судоку  28  решена за 41.4375 секунд.

+-------+-------+-------+
| 0 4 7 | 0 8 0 | 0 0 1 |
| 0 0 0 | 0 0 0 | 0 0 0 |
| 0 0 0 | 6 0 0 | 7 0 0 |
+-------+-------+-------+
| 6 0 0 | 0 0 3 | 5 7 0 |
| 0 0 0 | 0 0 5 | 0 0 0 |
| 0 1 0 | 0 6 0 | 0 0 0 |
+-------+-------+-------+
| 2 8 0 | 0 4 0 | 0 0 0 |
| 0 9 0 | 1 0 0 | 0 4 0 |
| 0 0 0 | 0 2 0 | 6 9 0 |
+-------+-------+-------+
+-------+-------+-------+
| 9 4 7 | 5 8 2 | 3 6 1 |
| 8 6 3 | 4 7 1 | 9 5 2 |
| 1 5 2 | 6 3 9 | 7 8 4 |
+-------+-------+-------+
| 6 2 4 | 8 1 3 | 5 7 9 |
| 7 3 8 | 2 9 5 | 4 1 6 |
| 5 1 9 | 7 6 4 | 8 2 3 |
+-------+-------+-------+
| 2 8 5 | 9 4 6 | 1 3 7 |
| 3 9 6 | 1 5 7 | 2 4 8 |
| 4 7 1 | 3 2 8 | 6 9 5 |
+-------+-------+-------+
Судоку  29  решена за 0.125 секунд.

+-------+-------+-------+
| 0 0 0 | 0 0 0 | 8 0 1 |
| 7 0 0 | 2 0 0 | 0 0 0 |
| 0 0 0 | 5 0 6 | 0 0 0 |
+-------+-------+-------+
| 0 0 0 | 7 0 0 | 0 5 0 |
| 0 1 0 | 0 0 0 | 3 0 0 |
| 0 8 0 | 0 0 0 | 0 0 0 |
+-------+-------+-------+
| 5 0 0 | 0 0 0 | 0 2 0 |
| 0 4 0 | 0 8 0 | 0 0 0 |
| 6 0 0 | 0 3 0 | 0 0 0 |
+-------+-------+-------+
+-------+-------+-------+
| 2 5 4 | 3 7 9 | 8 6 1 |
| 7 6 1 | 2 4 8 | 5 9 3 |
| 8 9 3 | 5 1 6 | 7 4 2 |
+-------+-------+-------+
| 3 2 6 | 7 9 1 | 4 5 8 |
| 9 1 5 | 8 2 4 | 3 7 6 |
| 4 8 7 | 6 5 3 | 2 1 9 |
+-------+-------+-------+
| 5 3 8 | 1 6 7 | 9 2 4 |
| 1 4 2 | 9 8 5 | 6 3 7 |
| 6 7 9 | 4 3 2 | 1 8 5 |
+-------+-------+-------+
Судоку  30  решена за 0.8125 секунд.

+-------+-------+-------+
| 3 8 0 | 6 0 0 | 0 0 0 |
| 0 0 9 | 0 0 0 | 0 0 0 |
| 0 2 0 | 0 3 0 | 5 1 0 |
+-------+-------+-------+
| 0 0 0 | 0 0 5 | 0 0 0 |
| 0 3 0 | 0 1 0 | 0 6 0 |
| 0 0 0 | 4 0 0 | 0 0 0 |
+-------+-------+-------+
| 0 1 7 | 0 5 0 | 0 8 0 |
| 0 0 0 | 0 0 0 | 9 0 0 |
| 0 0 0 | 0 0 7 | 0 3 2 |
+-------+-------+-------+
+-------+-------+-------+
| 3 8 5 | 6 2 1 | 4 9 7 |
| 1 7 9 | 5 8 4 | 3 2 6 |
| 4 2 6 | 7 3 9 | 5 1 8 |
+-------+-------+-------+
| 7 6 2 | 3 9 5 | 8 4 1 |
| 5 3 4 | 8 1 2 | 7 6 9 |
| 8 9 1 | 4 7 6 | 2 5 3 |
+-------+-------+-------+
| 9 1 7 | 2 5 3 | 6 8 4 |
| 2 4 3 | 1 6 8 | 9 7 5 |
| 6 5 8 | 9 4 7 | 1 3 2 |
+-------+-------+-------+
Судоку  31  решена за 0.3125 секунд.

+-------+-------+-------+
| 0 0 0 | 5 0 0 | 0 0 0 |
| 0 0 0 | 0 0 0 | 5 0 6 |
| 9 7 0 | 0 0 0 | 0 2 0 |
+-------+-------+-------+
| 0 0 4 | 8 0 2 | 0 0 0 |
| 2 5 0 | 1 0 0 | 0 3 0 |
| 0 8 0 | 0 3 0 | 0 0 0 |
+-------+-------+-------+
| 0 0 0 | 0 0 4 | 0 7 0 |
| 0 1 3 | 0 5 0 | 0 9 0 |
| 0 2 0 | 0 0 3 | 1 0 0 |
+-------+-------+-------+
+-------+-------+-------+
| 8 3 6 | 5 2 1 | 9 4 7 |
| 1 4 2 | 3 7 9 | 5 8 6 |
| 9 7 5 | 6 4 8 | 3 2 1 |
+-------+-------+-------+
| 3 6 4 | 8 9 2 | 7 1 5 |
| 2 5 9 | 1 6 7 | 4 3 8 |
| 7 8 1 | 4 3 5 | 2 6 9 |
+-------+-------+-------+
| 5 9 8 | 2 1 4 | 6 7 3 |
| 4 1 3 | 7 5 6 | 8 9 2 |
| 6 2 7 | 9 8 3 | 1 5 4 |
+-------+-------+-------+
Судоку  32  решена за 0.125 секунд.

+-------+-------+-------+
| 0 2 0 | 0 0 0 | 0 0 0 |
| 3 0 5 | 0 6 2 | 0 0 9 |
| 0 6 8 | 0 0 0 | 3 0 0 |
+-------+-------+-------+
| 0 5 0 | 0 0 0 | 0 0 0 |
| 0 0 0 | 6 4 0 | 8 0 2 |
| 0 0 4 | 7 0 0 | 9 0 0 |
+-------+-------+-------+
| 0 0 3 | 0 0 0 | 0 0 1 |
| 0 0 0 | 0 0 6 | 0 0 0 |
| 1 7 0 | 4 3 0 | 0 0 0 |
+-------+-------+-------+
+-------+-------+-------+
| 4 2 7 | 5 9 3 | 1 8 6 |
| 3 1 5 | 8 6 2 | 4 7 9 |
| 9 6 8 | 1 7 4 | 3 2 5 |
+-------+-------+-------+
| 6 5 9 | 3 2 8 | 7 1 4 |
| 7 3 1 | 6 4 9 | 8 5 2 |
| 2 8 4 | 7 5 1 | 9 6 3 |
+-------+-------+-------+
| 5 9 3 | 2 8 7 | 6 4 1 |
| 8 4 2 | 9 1 6 | 5 3 7 |
| 1 7 6 | 4 3 5 | 2 9 8 |
+-------+-------+-------+
Судоку  33  решена за 0.046875 секунд.

+-------+-------+-------+
| 0 8 0 | 0 4 0 | 0 0 0 |
| 3 0 0 | 0 0 0 | 0 1 0 |
| 0 0 0 | 0 0 0 | 0 2 0 |
+-------+-------+-------+
| 0 0 5 | 0 0 0 | 4 0 6 |
| 9 0 0 | 1 0 0 | 8 0 0 |
| 2 0 0 | 0 0 0 | 0 0 0 |
+-------+-------+-------+
| 0 0 0 | 3 0 9 | 0 0 0 |
| 0 6 0 | 0 0 0 | 5 0 0 |
| 0 0 0 | 2 0 0 | 0 0 0 |
+-------+-------+-------+
+-------+-------+-------+
| 7 8 1 | 9 4 2 | 3 6 5 |
| 3 2 4 | 5 7 6 | 9 1 8 |
| 6 5 9 | 8 3 1 | 7 2 4 |
+-------+-------+-------+
| 8 1 5 | 7 2 3 | 4 9 6 |
| 9 3 6 | 1 5 4 | 8 7 2 |
| 2 4 7 | 6 9 8 | 1 5 3 |
+-------+-------+-------+
| 5 7 8 | 3 6 9 | 2 4 1 |
| 1 6 2 | 4 8 7 | 5 3 9 |
| 4 9 3 | 2 1 5 | 6 8 7 |
+-------+-------+-------+
Судоку  34  решена за 26.703125 секунд.

+-------+-------+-------+
| 0 0 8 | 0 9 0 | 1 0 0 |
| 0 6 0 | 5 0 0 | 0 2 0 |
| 0 0 0 | 0 0 6 | 0 0 0 |
+-------+-------+-------+
| 0 3 0 | 1 0 7 | 0 5 0 |
| 0 0 0 | 0 0 0 | 0 0 9 |
| 0 0 4 | 0 0 0 | 3 0 0 |
+-------+-------+-------+
| 0 5 0 | 0 0 0 | 2 0 0 |
| 0 7 0 | 0 0 3 | 0 8 0 |
| 2 0 0 | 7 0 0 | 0 0 4 |
+-------+-------+-------+
+-------+-------+-------+
| 7 4 8 | 3 9 2 | 1 6 5 |
| 3 6 9 | 5 1 4 | 7 2 8 |
| 1 2 5 | 8 7 6 | 9 4 3 |
+-------+-------+-------+
| 9 3 2 | 1 4 7 | 8 5 6 |
| 6 8 7 | 2 3 5 | 4 1 9 |
| 5 1 4 | 6 8 9 | 3 7 2 |
+-------+-------+-------+
| 8 5 3 | 4 6 1 | 2 9 7 |
| 4 7 6 | 9 2 3 | 5 8 1 |
| 2 9 1 | 7 5 8 | 6 3 4 |
+-------+-------+-------+
Судоку  35  решена за 1.71875 секунд.

+-------+-------+-------+
| 4 0 0 | 0 0 0 | 5 0 8 |
| 0 3 0 | 0 0 0 | 0 0 0 |
| 0 0 0 | 7 0 0 | 0 0 0 |
+-------+-------+-------+
| 0 2 0 | 0 0 0 | 0 6 0 |
| 0 0 0 | 0 5 0 | 8 0 0 |
| 0 0 0 | 0 1 0 | 0 0 0 |
+-------+-------+-------+
| 0 0 0 | 6 0 3 | 0 7 0 |
| 5 0 0 | 2 0 0 | 0 0 0 |
| 1 0 8 | 0 0 0 | 0 0 0 |
+-------+-------+-------+
+-------+-------+-------+
| 4 1 7 | 3 6 9 | 5 2 8 |
| 8 3 9 | 1 2 5 | 7 4 6 |
| 6 5 2 | 7 4 8 | 3 1 9 |
+-------+-------+-------+
| 9 2 5 | 8 3 7 | 4 6 1 |
| 7 4 1 | 9 5 6 | 8 3 2 |
| 3 8 6 | 4 1 2 | 9 5 7 |
+-------+-------+-------+
| 2 9 4 | 6 8 3 | 1 7 5 |
| 5 7 3 | 2 9 1 | 6 8 4 |
| 1 6 8 | 5 7 4 | 2 9 3 |
+-------+-------+-------+
Судоку  36  решена за 0.375 секунд.

+-------+-------+-------+
| 1 0 0 | 0 0 0 | 3 0 8 |
| 0 6 0 | 4 0 0 | 0 0 0 |
| 0 0 0 | 0 0 0 | 0 0 0 |
+-------+-------+-------+
| 2 0 3 | 0 1 0 | 0 0 0 |
| 0 0 0 | 0 0 0 | 0 9 5 |
| 8 0 0 | 0 0 0 | 0 0 0 |
+-------+-------+-------+
| 0 5 0 | 6 0 0 | 0 7 0 |
| 0 0 0 | 0 8 0 | 2 0 0 |
| 0 4 0 | 0 0 0 | 0 0 0 |
+-------+-------+-------+
+-------+-------+-------+
| 1 2 4 | 5 9 7 | 3 6 8 |
| 3 6 9 | 4 2 8 | 5 1 7 |
| 5 8 7 | 3 6 1 | 9 2 4 |
+-------+-------+-------+
| 2 9 3 | 8 1 5 | 7 4 6 |
| 4 1 6 | 2 7 3 | 8 9 5 |
| 8 7 5 | 9 4 6 | 1 3 2 |
+-------+-------+-------+
| 9 5 8 | 6 3 2 | 4 7 1 |
| 6 3 1 | 7 8 4 | 2 5 9 |
| 7 4 2 | 1 5 9 | 6 8 3 |
+-------+-------+-------+
Судоку  37  решена за 1.03125 секунд.

+-------+-------+-------+
| 1 0 0 | 0 0 6 | 0 8 0 |
| 0 6 4 | 0 0 0 | 0 0 0 |
| 0 0 0 | 0 4 0 | 0 0 7 |
+-------+-------+-------+
| 0 0 0 | 0 9 0 | 6 0 0 |
| 0 7 0 | 4 0 0 | 5 0 0 |
| 5 0 0 | 0 7 0 | 1 0 0 |
+-------+-------+-------+
| 0 5 0 | 0 0 0 | 3 2 0 |
| 3 0 0 | 0 0 8 | 0 0 0 |
| 4 0 0 | 0 0 0 | 0 0 0 |
+-------+-------+-------+
+-------+-------+-------+
| 1 3 7 | 9 2 6 | 4 8 5 |
| 9 6 4 | 5 8 7 | 2 3 1 |
| 8 2 5 | 3 4 1 | 9 6 7 |
+-------+-------+-------+
| 2 4 1 | 8 9 5 | 6 7 3 |
| 6 7 3 | 4 1 2 | 5 9 8 |
| 5 8 9 | 6 7 3 | 1 4 2 |
+-------+-------+-------+
| 7 5 8 | 1 6 4 | 3 2 9 |
| 3 9 6 | 2 5 8 | 7 1 4 |
| 4 1 2 | 7 3 9 | 8 5 6 |
+-------+-------+-------+
Судоку  38  решена за 0.328125 секунд.

+-------+-------+-------+
| 2 4 9 | 0 6 0 | 0 0 3 |
| 0 3 0 | 0 0 0 | 2 0 0 |
| 8 0 0 | 0 0 0 | 0 0 5 |
+-------+-------+-------+
| 0 0 0 | 0 0 6 | 0 0 0 |
| 0 0 0 | 2 0 0 | 0 0 0 |
| 0 1 0 | 0 4 0 | 8 2 0 |
+-------+-------+-------+
| 0 9 0 | 5 0 0 | 7 0 0 |
| 0 0 4 | 0 0 0 | 0 0 1 |
| 0 7 0 | 0 0 3 | 0 0 0 |
+-------+-------+-------+
+-------+-------+-------+
| 2 4 9 | 8 6 5 | 1 7 3 |
| 5 3 1 | 9 7 4 | 2 6 8 |
| 8 6 7 | 1 3 2 | 4 9 5 |
+-------+-------+-------+
| 4 2 3 | 7 8 6 | 5 1 9 |
| 9 8 6 | 2 5 1 | 3 4 7 |
| 7 1 5 | 3 4 9 | 8 2 6 |
+-------+-------+-------+
| 6 9 2 | 5 1 8 | 7 3 4 |
| 3 5 4 | 6 2 7 | 9 8 1 |
| 1 7 8 | 4 9 3 | 6 5 2 |
+-------+-------+-------+
Судоку  39  решена за 2.0 секунд.

+-------+-------+-------+
| 0 0 0 | 8 0 0 | 0 0 9 |
| 0 8 7 | 3 0 0 | 0 4 0 |
| 6 0 0 | 7 0 0 | 0 0 0 |
+-------+-------+-------+
| 0 0 8 | 5 0 0 | 9 7 0 |
| 0 0 0 | 0 0 0 | 0 0 0 |
| 0 4 3 | 0 0 7 | 5 0 0 |
+-------+-------+-------+
| 0 0 0 | 0 0 3 | 0 0 0 |
| 0 3 0 | 0 0 1 | 4 5 0 |
| 4 0 0 | 0 0 2 | 0 0 1 |
+-------+-------+-------+
+-------+-------+-------+
| 3 5 1 | 8 4 6 | 7 2 9 |
| 2 8 7 | 3 1 9 | 6 4 5 |
| 6 9 4 | 7 2 5 | 1 8 3 |
+-------+-------+-------+
| 1 6 8 | 5 3 4 | 9 7 2 |
| 7 2 5 | 1 9 8 | 3 6 4 |
| 9 4 3 | 2 6 7 | 5 1 8 |
+-------+-------+-------+
| 5 1 6 | 4 8 3 | 2 9 7 |
| 8 3 2 | 9 7 1 | 4 5 6 |
| 4 7 9 | 6 5 2 | 8 3 1 |
+-------+-------+-------+
Судоку  40  решена за 0.125 секунд.

+-------+-------+-------+
| 0 0 0 | 5 0 1 | 0 0 0 |
| 0 9 0 | 0 0 0 | 8 0 0 |
| 0 6 0 | 0 0 0 | 0 0 0 |
+-------+-------+-------+
| 4 0 1 | 0 0 0 | 0 0 0 |
| 0 0 0 | 0 7 0 | 0 9 0 |
| 0 0 0 | 0 0 0 | 0 3 0 |
+-------+-------+-------+
| 8 0 0 | 0 0 0 | 1 0 5 |
| 0 0 0 | 2 0 0 | 4 0 0 |
| 0 0 0 | 3 6 0 | 0 0 0 |
+-------+-------+-------+
+-------+-------+-------+
| 7 4 8 | 5 9 1 | 3 2 6 |
| 1 9 5 | 6 2 3 | 8 4 7 |
| 2 6 3 | 4 8 7 | 5 1 9 |
+-------+-------+-------+
| 4 2 1 | 9 3 6 | 7 5 8 |
| 3 5 6 | 8 7 4 | 2 9 1 |
| 9 8 7 | 1 5 2 | 6 3 4 |
+-------+-------+-------+
| 8 3 2 | 7 4 9 | 1 6 5 |
| 6 7 9 | 2 1 5 | 4 8 3 |
| 5 1 4 | 3 6 8 | 9 7 2 |
+-------+-------+-------+
Судоку  41  решена за 5.5 секунд.

+-------+-------+-------+
| 0 0 0 | 0 0 0 | 8 0 1 |
| 6 0 0 | 2 0 0 | 0 0 0 |
| 0 0 0 | 7 0 5 | 0 0 0 |
+-------+-------+-------+
| 0 0 0 | 6 0 0 | 0 2 0 |
| 0 1 0 | 0 0 0 | 3 0 0 |
| 0 8 0 | 0 0 0 | 0 0 0 |
+-------+-------+-------+
| 2 0 0 | 0 0 0 | 0 7 0 |
| 0 3 0 | 0 8 0 | 0 0 0 |
| 5 0 0 | 0 4 0 | 0 0 0 |
+-------+-------+-------+
+-------+-------+-------+
| 7 2 3 | 4 6 9 | 8 5 1 |
| 6 5 1 | 2 3 8 | 7 9 4 |
| 8 9 4 | 7 1 5 | 6 3 2 |
+-------+-------+-------+
| 3 7 5 | 6 9 1 | 4 2 8 |
| 9 1 2 | 8 7 4 | 3 6 5 |
| 4 8 6 | 5 2 3 | 9 1 7 |
+-------+-------+-------+
| 2 4 8 | 3 5 6 | 1 7 9 |
| 1 3 7 | 9 8 2 | 5 4 6 |
| 5 6 9 | 1 4 7 | 2 8 3 |
+-------+-------+-------+
Судоку  42  решена за 2.78125 секунд.

+-------+-------+-------+
| 0 4 7 | 6 0 0 | 0 5 0 |
| 8 0 3 | 0 0 0 | 0 0 2 |
| 0 0 0 | 0 0 9 | 0 0 0 |
+-------+-------+-------+
| 0 0 0 | 8 0 5 | 0 0 6 |
| 0 0 0 | 1 0 0 | 0 0 0 |
| 6 0 2 | 4 0 0 | 0 0 0 |
+-------+-------+-------+
| 0 7 8 | 0 0 0 | 5 1 0 |
| 0 0 6 | 0 0 0 | 0 4 0 |
| 0 9 0 | 0 0 4 | 0 0 7 |
+-------+-------+-------+
+-------+-------+-------+
| 9 4 7 | 6 2 8 | 3 5 1 |
| 8 6 3 | 7 5 1 | 4 9 2 |
| 1 2 5 | 3 4 9 | 6 7 8 |
+-------+-------+-------+
| 7 3 4 | 8 9 5 | 1 2 6 |
| 5 8 9 | 1 6 2 | 7 3 4 |
| 6 1 2 | 4 7 3 | 9 8 5 |
+-------+-------+-------+
| 4 7 8 | 2 3 6 | 5 1 9 |
| 2 5 6 | 9 1 7 | 8 4 3 |
| 3 9 1 | 5 8 4 | 2 6 7 |
+-------+-------+-------+
Судоку  43  решена за 1.46875 секунд.

+-------+-------+-------+
| 0 0 0 | 0 0 7 | 0 9 5 |
| 0 0 0 | 0 0 1 | 0 0 0 |
| 8 6 0 | 0 2 0 | 0 0 0 |
+-------+-------+-------+
| 0 2 0 | 0 7 3 | 0 0 8 |
| 5 0 0 | 0 0 0 | 0 6 0 |
| 0 0 3 | 0 0 4 | 9 0 0 |
+-------+-------+-------+
| 3 0 5 | 0 0 0 | 4 1 7 |
| 2 4 0 | 0 0 0 | 0 0 0 |
| 0 0 0 | 0 0 0 | 0 0 0 |
+-------+-------+-------+
+-------+-------+-------+
| 1 3 2 | 4 6 7 | 8 9 5 |
| 9 5 7 | 3 8 1 | 2 4 6 |
| 8 6 4 | 5 2 9 | 7 3 1 |
+-------+-------+-------+
| 4 2 9 | 6 7 3 | 1 5 8 |
| 5 7 8 | 9 1 2 | 3 6 4 |
| 6 1 3 | 8 5 4 | 9 7 2 |
+-------+-------+-------+
| 3 8 5 | 2 9 6 | 4 1 7 |
| 2 4 1 | 7 3 5 | 6 8 9 |
| 7 9 6 | 1 4 8 | 5 2 3 |
+-------+-------+-------+
Судоку  44  решена за 0.234375 секунд.

+-------+-------+-------+
| 0 4 0 | 5 0 0 | 0 0 0 |
| 8 0 0 | 0 9 0 | 0 3 0 |
| 0 7 6 | 0 2 0 | 0 0 0 |
+-------+-------+-------+
| 0 1 4 | 6 0 0 | 0 0 0 |
| 0 0 0 | 0 0 9 | 0 0 7 |
| 0 0 0 | 0 0 3 | 6 0 0 |
+-------+-------+-------+
| 0 0 1 | 0 0 4 | 0 5 0 |
| 0 6 0 | 0 0 0 | 0 0 3 |
| 0 0 7 | 1 0 0 | 2 0 0 |
+-------+-------+-------+
+-------+-------+-------+
| 1 4 3 | 5 8 7 | 9 6 2 |
| 8 5 2 | 4 9 6 | 7 3 1 |
| 9 7 6 | 3 2 1 | 5 8 4 |
+-------+-------+-------+
| 2 1 4 | 6 7 5 | 3 9 8 |
| 6 3 5 | 8 1 9 | 4 2 7 |
| 7 8 9 | 2 4 3 | 6 1 5 |
+-------+-------+-------+
| 3 2 1 | 7 6 4 | 8 5 9 |
| 4 6 8 | 9 5 2 | 1 7 3 |
| 5 9 7 | 1 3 8 | 2 4 6 |
+-------+-------+-------+
Судоку  45  решена за 0.40625 секунд.

+-------+-------+-------+
| 0 8 3 | 4 0 0 | 0 0 0 |
| 0 0 0 | 0 7 0 | 0 5 0 |
| 0 0 0 | 0 0 0 | 0 0 0 |
+-------+-------+-------+
| 0 4 0 | 1 0 8 | 0 0 0 |
| 0 0 0 | 0 0 0 | 0 2 7 |
| 0 0 0 | 3 0 0 | 0 0 0 |
+-------+-------+-------+
| 2 0 6 | 0 5 0 | 0 0 0 |
| 5 0 0 | 0 0 0 | 8 0 0 |
| 0 0 0 | 0 0 0 | 1 0 0 |
+-------+-------+-------+
+-------+-------+-------+
| 7 8 3 | 4 6 5 | 2 1 9 |
| 4 2 1 | 9 7 3 | 6 5 8 |
| 9 6 5 | 2 8 1 | 7 3 4 |
+-------+-------+-------+
| 3 4 7 | 1 2 8 | 5 9 6 |
| 1 9 8 | 5 4 6 | 3 2 7 |
| 6 5 2 | 3 9 7 | 4 8 1 |
+-------+-------+-------+
| 2 1 6 | 8 5 4 | 9 7 3 |
| 5 3 4 | 7 1 9 | 8 6 2 |
| 8 7 9 | 6 3 2 | 1 4 5 |
+-------+-------+-------+
Судоку  46  решена за 19.109375 секунд.

+-------+-------+-------+
| 0 0 9 | 0 0 0 | 0 0 3 |
| 0 0 0 | 0 0 9 | 0 0 0 |
| 7 0 0 | 0 0 0 | 5 0 6 |
+-------+-------+-------+
| 0 0 6 | 5 0 0 | 4 0 0 |
| 0 0 0 | 3 0 0 | 0 0 0 |
| 0 2 8 | 0 0 0 | 0 0 0 |
+-------+-------+-------+
| 3 0 0 | 7 5 0 | 6 0 0 |
| 6 0 0 | 0 0 0 | 0 0 0 |
| 0 0 0 | 1 2 0 | 3 0 8 |
+-------+-------+-------+
+-------+-------+-------+
| 2 1 9 | 6 7 5 | 8 4 3 |
| 8 6 5 | 4 3 9 | 7 2 1 |
| 7 4 3 | 2 8 1 | 5 9 6 |
+-------+-------+-------+
| 9 3 6 | 5 1 2 | 4 8 7 |
| 1 5 7 | 3 4 8 | 9 6 2 |
| 4 2 8 | 9 6 7 | 1 3 5 |
+-------+-------+-------+
| 3 8 2 | 7 5 4 | 6 1 9 |
| 6 7 1 | 8 9 3 | 2 5 4 |
| 5 9 4 | 1 2 6 | 3 7 8 |
+-------+-------+-------+
Судоку  47  решена за 1.09375 секунд.

+-------+-------+-------+
| 0 2 6 | 0 3 9 | 0 0 0 |
| 0 0 0 | 6 0 0 | 0 0 1 |
| 9 0 0 | 0 0 0 | 7 0 0 |
+-------+-------+-------+
| 0 0 0 | 0 0 4 | 0 0 9 |
| 0 5 0 | 0 0 0 | 2 0 0 |
| 0 0 8 | 5 0 0 | 0 0 0 |
+-------+-------+-------+
| 3 0 0 | 2 0 0 | 9 0 0 |
| 4 0 0 | 0 0 7 | 6 2 0 |
| 0 0 0 | 0 0 0 | 0 0 4 |
+-------+-------+-------+
+-------+-------+-------+
| 1 2 6 | 7 3 9 | 8 4 5 |
| 8 4 7 | 6 2 5 | 3 9 1 |
| 9 3 5 | 4 8 1 | 7 6 2 |
+-------+-------+-------+
| 2 1 3 | 8 6 4 | 5 7 9 |
| 6 5 4 | 9 7 3 | 2 1 8 |
| 7 9 8 | 5 1 2 | 4 3 6 |
+-------+-------+-------+
| 3 6 1 | 2 4 8 | 9 5 7 |
| 4 8 9 | 1 5 7 | 6 2 3 |
| 5 7 2 | 3 9 6 | 1 8 4 |
+-------+-------+-------+
Судоку  48  решена за 0.375 секунд.

+-------+-------+-------+
| 2 0 3 | 0 8 0 | 0 0 0 |
| 8 0 0 | 7 0 0 | 0 0 0 |
| 0 0 0 | 0 0 0 | 1 0 0 |
+-------+-------+-------+
| 0 6 0 | 5 0 7 | 0 0 0 |
| 4 0 0 | 0 0 0 | 0 3 0 |
| 0 0 0 | 1 0 0 | 0 0 0 |
+-------+-------+-------+
| 0 0 0 | 0 0 0 | 0 8 2 |
| 0 5 0 | 0 0 0 | 6 0 0 |
| 0 1 0 | 0 0 0 | 0 0 0 |
+-------+-------+-------+
+-------+-------+-------+
| 2 7 3 | 6 8 1 | 4 9 5 |
| 8 9 1 | 7 5 4 | 2 6 3 |
| 5 4 6 | 3 9 2 | 1 7 8 |
+-------+-------+-------+
| 1 6 9 | 5 3 7 | 8 2 4 |
| 4 8 5 | 2 6 9 | 7 3 1 |
| 3 2 7 | 1 4 8 | 9 5 6 |
+-------+-------+-------+
| 7 3 4 | 9 1 6 | 5 8 2 |
| 9 5 8 | 4 2 3 | 6 1 7 |
| 6 1 2 | 8 7 5 | 3 4 9 |
+-------+-------+-------+
Судоку  49  решена за 2.671875 секунд.

+-------+-------+-------+
| 6 0 0 | 3 0 2 | 0 0 0 |
| 0 1 0 | 0 0 0 | 0 5 0 |
| 0 0 0 | 0 0 0 | 0 0 0 |
+-------+-------+-------+
| 7 0 2 | 6 0 0 | 0 0 0 |
| 0 0 0 | 0 0 0 | 0 8 4 |
| 3 0 0 | 0 0 0 | 0 0 0 |
+-------+-------+-------+
| 0 8 0 | 1 5 0 | 0 0 0 |
| 0 0 0 | 0 8 0 | 2 0 0 |
| 0 0 0 | 0 0 0 | 7 0 0 |
+-------+-------+-------+
+-------+-------+-------+
| 6 5 4 | 3 1 2 | 8 7 9 |
| 9 1 3 | 8 7 6 | 4 5 2 |
| 8 2 7 | 4 9 5 | 1 3 6 |
+-------+-------+-------+
| 7 4 2 | 6 3 8 | 5 9 1 |
| 1 6 5 | 7 2 9 | 3 8 4 |
| 3 9 8 | 5 4 1 | 6 2 7 |
+-------+-------+-------+
| 2 8 6 | 1 5 7 | 9 4 3 |
| 4 7 1 | 9 8 3 | 2 6 5 |
| 5 3 9 | 2 6 4 | 7 1 8 |
+-------+-------+-------+
Судоку  50  решена за 0.65625 секунд.

+-------+-------+-------+
| 1 0 0 | 0 0 0 | 9 0 0 |
| 0 6 4 | 0 0 1 | 0 7 0 |
| 0 7 0 | 0 4 0 | 0 0 0 |
+-------+-------+-------+
| 0 0 0 | 3 0 0 | 0 0 0 |
| 3 0 8 | 9 0 0 | 5 0 0 |
| 0 0 7 | 0 0 0 | 0 2 0 |
+-------+-------+-------+
| 0 0 0 | 0 6 0 | 7 0 9 |
| 0 0 0 | 0 0 4 | 0 1 0 |
| 0 0 0 | 1 2 9 | 0 3 0 |
+-------+-------+-------+
+-------+-------+-------+
| 1 5 2 | 7 3 8 | 9 4 6 |
| 8 6 4 | 2 9 1 | 3 7 5 |
| 9 7 3 | 6 4 5 | 2 8 1 |
+-------+-------+-------+
| 2 1 6 | 3 5 7 | 4 9 8 |
| 3 4 8 | 9 1 2 | 5 6 7 |
| 5 9 7 | 4 8 6 | 1 2 3 |
+-------+-------+-------+
| 4 2 1 | 8 6 3 | 7 5 9 |
| 6 3 9 | 5 7 4 | 8 1 2 |
| 7 8 5 | 1 2 9 | 6 3 4 |
+-------+-------+-------+
Судоку  51  решена за 0.109375 секунд.

+-------+-------+-------+
| 0 0 0 | 0 0 0 | 0 0 0 |
| 9 0 0 | 0 0 0 | 0 8 4 |
| 0 6 2 | 3 0 0 | 0 5 0 |
+-------+-------+-------+
| 0 0 0 | 6 0 0 | 0 4 5 |
| 3 0 0 | 0 1 0 | 0 0 6 |
| 0 0 0 | 9 0 0 | 0 7 0 |
+-------+-------+-------+
| 0 0 0 | 1 0 0 | 0 0 0 |
| 4 0 5 | 0 0 2 | 0 0 0 |
| 0 3 0 | 8 0 0 | 0 0 9 |
+-------+-------+-------+
+-------+-------+-------+
| 1 7 4 | 5 8 9 | 3 6 2 |
| 9 5 3 | 2 6 1 | 7 8 4 |
| 8 6 2 | 3 4 7 | 9 5 1 |
+-------+-------+-------+
| 2 1 9 | 6 7 3 | 8 4 5 |
| 3 8 7 | 4 1 5 | 2 9 6 |
| 5 4 6 | 9 2 8 | 1 7 3 |
+-------+-------+-------+
| 6 2 8 | 1 9 4 | 5 3 7 |
| 4 9 5 | 7 3 2 | 6 1 8 |
| 7 3 1 | 8 5 6 | 4 2 9 |
+-------+-------+-------+
Судоку  52  решена за 0.09375 секунд.

+-------+-------+-------+
| 0 2 0 | 0 0 0 | 5 9 3 |
| 8 0 0 | 5 0 0 | 4 6 0 |
| 9 4 0 | 0 6 0 | 0 0 8 |
+-------+-------+-------+
| 0 0 2 | 0 3 0 | 0 0 0 |
| 0 6 0 | 0 8 0 | 7 3 0 |
| 7 0 0 | 2 0 0 | 0 0 0 |
+-------+-------+-------+
| 0 0 0 | 0 4 0 | 3 8 0 |
| 0 7 0 | 0 0 0 | 6 0 0 |
| 0 0 0 | 0 0 0 | 0 0 5 |
+-------+-------+-------+
+-------+-------+-------+
| 1 2 6 | 4 7 8 | 5 9 3 |
| 8 3 7 | 5 9 2 | 4 6 1 |
| 9 4 5 | 3 6 1 | 2 7 8 |
+-------+-------+-------+
| 4 1 2 | 9 3 7 | 8 5 6 |
| 5 6 9 | 1 8 4 | 7 3 2 |
| 7 8 3 | 2 5 6 | 9 1 4 |
+-------+-------+-------+
| 2 5 1 | 6 4 9 | 3 8 7 |
| 3 7 4 | 8 1 5 | 6 2 9 |
| 6 9 8 | 7 2 3 | 1 4 5 |
+-------+-------+-------+
Судоку  53  решена за 0.046875 секунд.

+-------+-------+-------+
| 9 0 4 | 0 0 5 | 0 0 0 |
| 2 5 0 | 6 0 0 | 1 0 0 |
| 3 1 0 | 0 0 0 | 0 0 8 |
+-------+-------+-------+
| 0 7 0 | 0 0 9 | 0 0 0 |
| 4 0 0 | 2 6 0 | 0 0 0 |
| 0 0 1 | 4 7 0 | 0 0 0 |
+-------+-------+-------+
| 7 0 0 | 0 0 0 | 0 0 2 |
| 0 0 0 | 3 0 0 | 8 0 6 |
| 0 4 0 | 0 0 0 | 0 9 0 |
+-------+-------+-------+
+-------+-------+-------+
| 9 6 4 | 8 1 5 | 2 3 7 |
| 2 5 8 | 6 3 7 | 1 4 9 |
| 3 1 7 | 9 2 4 | 6 5 8 |
+-------+-------+-------+
| 8 7 2 | 1 5 9 | 3 6 4 |
| 4 9 5 | 2 6 3 | 7 8 1 |
| 6 3 1 | 4 7 8 | 9 2 5 |
+-------+-------+-------+
| 7 8 3 | 5 9 6 | 4 1 2 |
| 5 2 9 | 3 4 1 | 8 7 6 |
| 1 4 6 | 7 8 2 | 5 9 3 |
+-------+-------+-------+
Судоку  54  решена за 0.109375 секунд.

+-------+-------+-------+
| 0 0 0 | 5 2 0 | 0 0 0 |
| 0 9 0 | 0 0 3 | 0 0 4 |
| 0 0 0 | 0 0 0 | 7 0 0 |
+-------+-------+-------+
| 0 1 0 | 0 0 0 | 0 4 0 |
| 0 8 0 | 0 4 5 | 3 0 0 |
| 6 0 0 | 0 1 0 | 0 0 8 |
+-------+-------+-------+
| 7 0 2 | 0 0 0 | 0 0 0 |
| 0 0 8 | 0 0 0 | 0 3 2 |
| 0 4 0 | 0 8 0 | 0 1 0 |
+-------+-------+-------+
+-------+-------+-------+
| 4 7 6 | 5 2 9 | 1 8 3 |
| 8 9 5 | 1 7 3 | 6 2 4 |
| 3 2 1 | 8 6 4 | 7 9 5 |
+-------+-------+-------+
| 5 1 7 | 3 9 8 | 2 4 6 |
| 2 8 9 | 6 4 5 | 3 7 1 |
| 6 3 4 | 7 1 2 | 9 5 8 |
+-------+-------+-------+
| 7 5 2 | 4 3 1 | 8 6 9 |
| 1 6 8 | 9 5 7 | 4 3 2 |
| 9 4 3 | 2 8 6 | 5 1 7 |
+-------+-------+-------+
Судоку  55  решена за 0.265625 секунд.

+-------+-------+-------+
| 5 3 0 | 0 2 0 | 9 0 0 |
| 0 2 4 | 0 3 0 | 0 5 0 |
| 0 0 9 | 0 0 0 | 0 0 0 |
+-------+-------+-------+
| 0 0 0 | 0 1 0 | 8 2 7 |
| 0 0 0 | 7 0 0 | 0 0 0 |
| 0 0 0 | 0 9 8 | 1 0 0 |
+-------+-------+-------+
| 0 0 0 | 0 0 0 | 0 0 0 |
| 0 0 6 | 4 0 0 | 0 0 9 |
| 1 0 2 | 0 5 0 | 4 3 0 |
+-------+-------+-------+
+-------+-------+-------+
| 5 3 8 | 1 2 7 | 9 4 6 |
| 6 2 4 | 8 3 9 | 7 5 1 |
| 7 1 9 | 6 4 5 | 3 8 2 |
+-------+-------+-------+
| 9 6 5 | 3 1 4 | 8 2 7 |
| 3 8 1 | 7 6 2 | 5 9 4 |
| 2 4 7 | 5 9 8 | 1 6 3 |
+-------+-------+-------+
| 4 9 3 | 2 8 1 | 6 7 5 |
| 8 5 6 | 4 7 3 | 2 1 9 |
| 1 7 2 | 9 5 6 | 4 3 8 |
+-------+-------+-------+
Судоку  56  решена за 0.09375 секунд.

+-------+-------+-------+
| 1 0 0 | 0 0 7 | 8 6 0 |
| 0 0 7 | 0 0 8 | 0 1 0 |
| 8 0 0 | 2 0 0 | 0 0 9 |
+-------+-------+-------+
| 0 0 0 | 0 0 0 | 0 0 2 |
| 4 0 0 | 0 1 0 | 0 0 0 |
| 0 0 9 | 0 0 5 | 0 0 0 |
+-------+-------+-------+
| 6 0 8 | 0 0 0 | 0 0 0 |
| 0 0 0 | 0 5 0 | 9 0 0 |
| 0 0 0 | 0 0 9 | 3 0 4 |
+-------+-------+-------+
+-------+-------+-------+
| 1 2 4 | 5 9 7 | 8 6 3 |
| 9 3 7 | 6 4 8 | 2 1 5 |
| 8 5 6 | 2 3 1 | 7 4 9 |
+-------+-------+-------+
| 5 1 3 | 7 8 6 | 4 9 2 |
| 4 8 2 | 9 1 3 | 6 5 7 |
| 7 6 9 | 4 2 5 | 1 3 8 |
+-------+-------+-------+
| 6 9 8 | 3 7 4 | 5 2 1 |
| 3 4 1 | 8 5 2 | 9 7 6 |
| 2 7 5 | 1 6 9 | 3 8 4 |
+-------+-------+-------+
Судоку  57  решена за 0.59375 секунд.

+-------+-------+-------+
| 0 0 0 | 0 5 0 | 0 0 1 |
| 1 0 0 | 0 0 0 | 0 7 0 |
| 0 6 0 | 0 0 0 | 0 8 0 |
+-------+-------+-------+
| 0 0 0 | 0 0 4 | 0 0 0 |
| 0 0 9 | 0 1 0 | 3 0 0 |
| 0 0 0 | 5 9 6 | 0 2 0 |
+-------+-------+-------+
| 0 8 0 | 0 6 2 | 0 0 7 |
| 0 0 7 | 0 0 0 | 0 0 0 |
| 3 0 5 | 0 7 0 | 2 0 0 |
+-------+-------+-------+
+-------+-------+-------+
| 8 7 2 | 4 5 9 | 6 3 1 |
| 1 5 4 | 6 8 3 | 9 7 2 |
| 9 6 3 | 7 2 1 | 4 8 5 |
+-------+-------+-------+
| 2 1 6 | 8 3 4 | 7 5 9 |
| 5 4 9 | 2 1 7 | 3 6 8 |
| 7 3 8 | 5 9 6 | 1 2 4 |
+-------+-------+-------+
| 4 8 1 | 3 6 2 | 5 9 7 |
| 6 2 7 | 9 4 5 | 8 1 3 |
| 3 9 5 | 1 7 8 | 2 4 6 |
+-------+-------+-------+
Судоку  58  решена за 0.34375 секунд.

+-------+-------+-------+
| 0 4 7 | 0 2 0 | 0 0 0 |
| 8 0 0 | 0 0 1 | 0 0 0 |
| 0 3 0 | 0 0 0 | 9 0 2 |
+-------+-------+-------+
| 0 0 0 | 0 0 5 | 0 0 0 |
| 6 0 0 | 8 1 0 | 0 5 0 |
| 0 0 0 | 0 4 0 | 0 0 0 |
+-------+-------+-------+
| 0 7 0 | 0 0 0 | 3 0 4 |
| 0 0 0 | 9 0 0 | 0 1 0 |
| 4 0 0 | 2 7 0 | 8 0 0 |
+-------+-------+-------+
+-------+-------+-------+
| 9 4 7 | 3 2 6 | 5 8 1 |
| 8 5 2 | 4 9 1 | 6 7 3 |
| 1 3 6 | 5 8 7 | 9 4 2 |
+-------+-------+-------+
| 2 8 4 | 7 3 5 | 1 6 9 |
| 6 9 3 | 8 1 2 | 4 5 7 |
| 7 1 5 | 6 4 9 | 2 3 8 |
+-------+-------+-------+
| 5 7 9 | 1 6 8 | 3 2 4 |
| 3 2 8 | 9 5 4 | 7 1 6 |
| 4 6 1 | 2 7 3 | 8 9 5 |
+-------+-------+-------+
Судоку  59  решена за 0.234375 секунд.

+-------+-------+-------+
| 0 0 0 | 0 0 0 | 9 4 0 |
| 0 0 0 | 0 9 0 | 0 0 5 |
| 3 0 0 | 0 0 5 | 0 7 0 |
+-------+-------+-------+
| 0 8 0 | 4 0 0 | 1 0 0 |
| 4 6 3 | 0 0 0 | 0 0 0 |
| 0 0 0 | 0 0 7 | 0 8 0 |
+-------+-------+-------+
| 8 0 0 | 7 0 0 | 0 0 0 |
| 7 0 0 | 0 0 0 | 0 2 8 |
| 0 5 0 | 2 6 0 | 0 0 0 |
+-------+-------+-------+
+-------+-------+-------+
| 2 1 5 | 8 7 6 | 9 4 3 |
| 6 7 8 | 3 9 4 | 2 1 5 |
| 3 4 9 | 1 2 5 | 8 7 6 |
+-------+-------+-------+
| 5 8 7 | 4 3 2 | 1 6 9 |
| 4 6 3 | 9 8 1 | 7 5 2 |
| 1 9 2 | 6 5 7 | 3 8 4 |
+-------+-------+-------+
| 8 2 6 | 7 4 3 | 5 9 1 |
| 7 3 4 | 5 1 9 | 6 2 8 |
| 9 5 1 | 2 6 8 | 4 3 7 |
+-------+-------+-------+
Судоку  60  решена за 0.546875 секунд.

+-------+-------+-------+
| 0 2 0 | 0 0 0 | 0 0 6 |
| 0 0 0 | 0 4 1 | 0 0 0 |
| 0 0 7 | 8 0 0 | 0 0 1 |
+-------+-------+-------+
| 0 0 0 | 0 0 0 | 7 0 0 |
| 0 0 3 | 7 0 0 | 0 0 0 |
| 6 0 0 | 4 1 2 | 0 0 0 |
+-------+-------+-------+
| 0 1 0 | 0 7 4 | 0 0 5 |
| 0 0 8 | 0 5 0 | 0 7 0 |
| 0 0 0 | 0 0 3 | 9 0 0 |
+-------+-------+-------+
+-------+-------+-------+
| 1 2 4 | 3 9 7 | 8 5 6 |
| 8 3 5 | 6 4 1 | 2 9 7 |
| 9 6 7 | 8 2 5 | 3 4 1 |
+-------+-------+-------+
| 2 4 1 | 5 3 8 | 7 6 9 |
| 5 8 3 | 7 6 9 | 4 1 2 |
| 6 7 9 | 4 1 2 | 5 3 8 |
+-------+-------+-------+
| 3 1 2 | 9 7 4 | 6 8 5 |
| 4 9 8 | 2 5 6 | 1 7 3 |
| 7 5 6 | 1 8 3 | 9 2 4 |
+-------+-------+-------+
Судоку  61  решена за 0.953125 секунд.

+-------+-------+-------+
| 1 0 0 | 0 0 0 | 3 0 8 |
| 0 6 0 | 4 0 0 | 0 0 0 |
| 0 0 0 | 0 0 0 | 0 0 0 |
+-------+-------+-------+
| 2 0 3 | 0 1 0 | 0 0 0 |
| 0 0 0 | 0 0 0 | 0 7 5 |
| 8 0 0 | 0 0 0 | 0 0 0 |
+-------+-------+-------+
| 0 7 0 | 5 0 0 | 0 6 0 |
| 0 0 0 | 0 8 0 | 2 0 0 |
| 0 4 0 | 0 0 0 | 0 0 0 |
+-------+-------+-------+
+-------+-------+-------+
| 1 2 5 | 9 7 6 | 3 4 8 |
| 3 6 9 | 4 2 8 | 5 1 7 |
| 7 8 4 | 3 5 1 | 9 2 6 |
+-------+-------+-------+
| 2 5 3 | 8 1 7 | 6 9 4 |
| 4 1 6 | 2 9 3 | 8 7 5 |
| 8 9 7 | 6 4 5 | 1 3 2 |
+-------+-------+-------+
| 9 7 8 | 5 3 2 | 4 6 1 |
| 6 3 1 | 7 8 4 | 2 5 9 |
| 5 4 2 | 1 6 9 | 7 8 3 |
+-------+-------+-------+
Судоку  62  решена за 0.359375 секунд.

+-------+-------+-------+
| 2 0 0 | 0 0 1 | 0 9 0 |
| 0 1 0 | 0 3 0 | 7 0 0 |
| 9 0 0 | 8 0 0 | 0 2 0 |
+-------+-------+-------+
| 0 0 0 | 0 0 0 | 8 5 0 |
| 0 6 0 | 4 0 0 | 0 0 0 |
| 0 0 0 | 0 7 0 | 0 0 3 |
+-------+-------+-------+
| 0 2 0 | 3 0 0 | 0 6 0 |
| 0 0 0 | 5 0 0 | 0 0 0 |
| 1 0 9 | 0 0 0 | 2 0 5 |
+-------+-------+-------+
+-------+-------+-------+
| 2 8 3 | 7 4 1 | 5 9 6 |
| 6 1 5 | 2 3 9 | 7 4 8 |
| 9 7 4 | 8 6 5 | 3 2 1 |
+-------+-------+-------+
| 3 9 7 | 1 2 6 | 8 5 4 |
| 8 6 1 | 4 5 3 | 9 7 2 |
| 4 5 2 | 9 7 8 | 6 1 3 |
+-------+-------+-------+
| 5 2 8 | 3 9 4 | 1 6 7 |
| 7 3 6 | 5 1 2 | 4 8 9 |
| 1 4 9 | 6 8 7 | 2 3 5 |
+-------+-------+-------+
Судоку  63  решена за 0.0625 секунд.

+-------+-------+-------+
| 0 0 7 | 0 0 8 | 0 0 0 |
| 0 0 6 | 0 2 0 | 3 0 0 |
| 0 3 0 | 0 0 0 | 0 0 9 |
+-------+-------+-------+
| 0 1 0 | 0 5 0 | 0 6 0 |
| 0 0 0 | 0 1 0 | 0 0 0 |
| 0 7 0 | 9 0 0 | 0 0 2 |
+-------+-------+-------+
| 0 0 0 | 0 0 0 | 0 0 4 |
| 0 8 3 | 0 0 4 | 0 0 0 |
| 2 6 0 | 0 0 0 | 5 1 0 |
+-------+-------+-------+
+-------+-------+-------+
| 9 5 7 | 6 3 8 | 4 2 1 |
| 1 4 6 | 7 2 9 | 3 8 5 |
| 8 3 2 | 5 4 1 | 6 7 9 |
+-------+-------+-------+
| 4 1 9 | 3 5 2 | 7 6 8 |
| 6 2 8 | 4 1 7 | 9 5 3 |
| 3 7 5 | 9 8 6 | 1 4 2 |
+-------+-------+-------+
| 7 9 1 | 2 6 5 | 8 3 4 |
| 5 8 3 | 1 7 4 | 2 9 6 |
| 2 6 4 | 8 9 3 | 5 1 7 |
+-------+-------+-------+
Судоку  64  решена за 1.421875 секунд.

+-------+-------+-------+
| 0 0 0 | 3 6 0 | 0 0 0 |
| 8 5 0 | 0 0 0 | 0 0 0 |
| 9 0 4 | 0 0 8 | 0 0 0 |
+-------+-------+-------+
| 0 0 0 | 0 0 6 | 8 0 0 |
| 0 0 0 | 0 0 0 | 0 1 7 |
| 0 0 9 | 0 0 4 | 5 0 0 |
+-------+-------+-------+
| 0 1 0 | 5 0 0 | 0 6 0 |
| 4 0 0 | 0 0 9 | 0 0 2 |
| 0 0 0 | 0 0 3 | 0 0 0 |
+-------+-------+-------+
+-------+-------+-------+
| 1 2 7 | 3 6 5 | 4 8 9 |
| 8 5 3 | 4 9 1 | 2 7 6 |
| 9 6 4 | 2 7 8 | 3 5 1 |
+-------+-------+-------+
| 2 3 1 | 7 5 6 | 8 9 4 |
| 5 4 8 | 9 3 2 | 6 1 7 |
| 6 7 9 | 1 8 4 | 5 2 3 |
+-------+-------+-------+
| 3 1 2 | 5 4 7 | 9 6 8 |
| 4 8 5 | 6 1 9 | 7 3 2 |
| 7 9 6 | 8 2 3 | 1 4 5 |
+-------+-------+-------+
Судоку  65  решена за 0.015625 секунд.

+-------+-------+-------+
| 3 4 0 | 6 0 0 | 0 0 0 |
| 0 0 7 | 0 0 0 | 0 0 0 |
| 0 2 0 | 0 8 0 | 5 7 0 |
+-------+-------+-------+
| 0 0 0 | 0 0 5 | 0 0 0 |
| 0 7 0 | 0 1 0 | 0 2 0 |
| 0 0 0 | 4 0 0 | 0 0 0 |
+-------+-------+-------+
| 0 3 6 | 0 2 0 | 0 1 0 |
| 0 0 0 | 0 0 0 | 9 0 0 |
| 0 0 0 | 0 0 7 | 0 8 2 |
+-------+-------+-------+
+-------+-------+-------+
| 3 4 5 | 6 7 1 | 2 9 8 |
| 9 8 7 | 2 5 3 | 1 4 6 |
| 6 2 1 | 9 8 4 | 5 7 3 |
+-------+-------+-------+
| 2 6 4 | 7 9 5 | 8 3 1 |
| 5 7 3 | 8 1 6 | 4 2 9 |
| 1 9 8 | 4 3 2 | 6 5 7 |
+-------+-------+-------+
| 8 3 6 | 5 2 9 | 7 1 4 |
| 7 1 2 | 3 4 8 | 9 6 5 |
| 4 5 9 | 1 6 7 | 3 8 2 |
+-------+-------+-------+
Судоку  66  решена за 0.40625 секунд.

+-------+-------+-------+
| 0 0 0 | 0 0 0 | 4 0 1 |
| 8 0 0 | 2 0 0 | 0 0 0 |
| 0 0 0 | 6 0 7 | 0 0 0 |
+-------+-------+-------+
| 0 0 0 | 8 0 0 | 0 6 0 |
| 0 4 0 | 0 0 0 | 3 0 0 |
| 0 1 0 | 0 0 0 | 0 0 0 |
+-------+-------+-------+
| 6 0 0 | 0 0 0 | 0 2 0 |
| 0 5 0 | 0 1 0 | 0 0 0 |
| 7 0 0 | 0 3 0 | 0 0 0 |
+-------+-------+-------+
+-------+-------+-------+
| 2 6 5 | 3 8 9 | 4 7 1 |
| 8 7 4 | 2 5 1 | 6 9 3 |
| 1 9 3 | 6 4 7 | 8 5 2 |
+-------+-------+-------+
| 3 2 7 | 8 9 4 | 1 6 5 |
| 9 4 6 | 1 2 5 | 3 8 7 |
| 5 1 8 | 7 6 3 | 2 4 9 |
+-------+-------+-------+
| 6 3 1 | 5 7 8 | 9 2 4 |
| 4 5 2 | 9 1 6 | 7 3 8 |
| 7 8 9 | 4 3 2 | 5 1 6 |
+-------+-------+-------+
Судоку  67  решена за 0.765625 секунд.

+-------+-------+-------+
| 0 4 0 | 0 5 0 | 0 6 7 |
| 0 0 0 | 1 0 0 | 0 4 0 |
| 0 0 0 | 2 0 0 | 0 0 0 |
+-------+-------+-------+
| 1 0 0 | 8 0 0 | 3 0 0 |
| 0 0 0 | 0 0 0 | 2 0 0 |
| 0 6 0 | 0 0 0 | 0 0 0 |
+-------+-------+-------+
| 0 0 0 | 0 4 0 | 0 5 0 |
| 3 0 0 | 0 0 0 | 8 0 0 |
| 2 0 0 | 0 0 0 | 0 0 0 |
+-------+-------+-------+
+-------+-------+-------+
| 8 4 2 | 3 5 9 | 1 6 7 |
| 5 7 3 | 1 8 6 | 9 4 2 |
| 6 1 9 | 2 7 4 | 5 3 8 |
+-------+-------+-------+
| 1 2 7 | 8 6 5 | 3 9 4 |
| 4 3 5 | 7 9 1 | 2 8 6 |
| 9 6 8 | 4 2 3 | 7 1 5 |
+-------+-------+-------+
| 7 8 1 | 9 4 2 | 6 5 3 |
| 3 5 4 | 6 1 7 | 8 2 9 |
| 2 9 6 | 5 3 8 | 4 7 1 |
+-------+-------+-------+
Судоку  68  решена за 1.03125 секунд.

+-------+-------+-------+
| 0 0 0 | 0 0 0 | 0 4 0 |
| 0 0 2 | 0 0 4 | 0 0 1 |
| 0 7 0 | 0 5 0 | 0 9 0 |
+-------+-------+-------+
| 0 0 3 | 0 0 7 | 0 0 0 |
| 0 4 0 | 0 6 0 | 0 0 0 |
| 6 0 0 | 1 0 0 | 8 0 0 |
+-------+-------+-------+
| 0 2 0 | 0 0 0 | 1 0 0 |
| 8 5 0 | 9 0 0 | 0 6 0 |
| 0 0 0 | 0 8 0 | 0 0 3 |
+-------+-------+-------+
+-------+-------+-------+
| 5 3 8 | 2 1 9 | 7 4 6 |
| 9 6 2 | 8 7 4 | 5 3 1 |
| 1 7 4 | 3 5 6 | 2 9 8 |
+-------+-------+-------+
| 2 8 3 | 4 9 7 | 6 1 5 |
| 7 4 1 | 5 6 8 | 3 2 9 |
| 6 9 5 | 1 2 3 | 8 7 4 |
+-------+-------+-------+
| 3 2 9 | 6 4 5 | 1 8 7 |
| 8 5 7 | 9 3 1 | 4 6 2 |
| 4 1 6 | 7 8 2 | 9 5 3 |
+-------+-------+-------+
Судоку  69  решена за 0.734375 секунд.

+-------+-------+-------+
| 8 0 0 | 7 0 0 | 0 0 4 |
| 0 5 0 | 0 0 0 | 6 0 0 |
| 0 0 0 | 0 0 0 | 0 0 0 |
+-------+-------+-------+
| 0 3 0 | 9 7 0 | 0 0 8 |
| 0 0 0 | 0 4 3 | 0 0 5 |
| 0 0 0 | 0 2 0 | 9 0 0 |
+-------+-------+-------+
| 0 0 6 | 0 0 0 | 0 0 0 |
| 2 0 0 | 0 6 0 | 0 0 7 |
| 0 7 1 | 0 0 8 | 3 0 2 |
+-------+-------+-------+
+-------+-------+-------+
| 8 6 3 | 7 5 1 | 2 9 4 |
| 9 5 7 | 4 3 2 | 6 8 1 |
| 1 2 4 | 6 8 9 | 5 7 3 |
+-------+-------+-------+
| 5 3 2 | 9 7 6 | 1 4 8 |
| 6 1 9 | 8 4 3 | 7 2 5 |
| 7 4 8 | 1 2 5 | 9 3 6 |
+-------+-------+-------+
| 3 8 6 | 2 1 7 | 4 5 9 |
| 2 9 5 | 3 6 4 | 8 1 7 |
| 4 7 1 | 5 9 8 | 3 6 2 |
+-------+-------+-------+
Судоку  70  решена за 0.6875 секунд.

+-------+-------+-------+
| 0 8 0 | 0 0 4 | 0 5 0 |
| 0 0 0 | 7 0 0 | 3 0 0 |
| 0 0 0 | 0 0 0 | 0 0 0 |
+-------+-------+-------+
| 0 1 0 | 0 8 5 | 0 0 0 |
| 6 0 0 | 0 0 0 | 2 0 0 |
| 0 0 0 | 0 4 0 | 0 0 0 |
+-------+-------+-------+
| 3 0 2 | 6 0 0 | 0 0 0 |
| 0 0 0 | 0 0 0 | 0 4 1 |
| 7 0 0 | 0 0 0 | 0 0 0 |
+-------+-------+-------+
+-------+-------+-------+
| 9 8 6 | 3 2 4 | 1 5 7 |
| 1 2 4 | 7 5 9 | 3 6 8 |
| 5 3 7 | 8 6 1 | 4 2 9 |
+-------+-------+-------+
| 4 1 3 | 2 8 5 | 9 7 6 |
| 6 9 5 | 1 7 3 | 2 8 4 |
| 2 7 8 | 9 4 6 | 5 1 3 |
+-------+-------+-------+
| 3 4 2 | 6 1 7 | 8 9 5 |
| 8 6 9 | 5 3 2 | 7 4 1 |
| 7 5 1 | 4 9 8 | 6 3 2 |
+-------+-------+-------+
Судоку  71  решена за 17.875 секунд.

+-------+-------+-------+
| 0 0 0 | 0 7 0 | 0 8 0 |
| 0 0 6 | 0 0 0 | 5 0 0 |
| 0 2 0 | 0 0 3 | 0 6 1 |
+-------+-------+-------+
| 0 1 0 | 0 0 7 | 0 0 2 |
| 0 0 8 | 0 0 5 | 3 4 0 |
| 2 0 0 | 9 0 0 | 0 0 0 |
+-------+-------+-------+
| 0 0 2 | 0 0 0 | 0 0 0 |
| 5 8 0 | 0 0 6 | 0 3 0 |
| 4 0 0 | 0 1 0 | 0 0 0 |
+-------+-------+-------+
+-------+-------+-------+
| 9 4 5 | 6 7 1 | 2 8 3 |
| 1 3 6 | 4 8 2 | 5 9 7 |
| 8 2 7 | 5 9 3 | 4 6 1 |
+-------+-------+-------+
| 6 1 4 | 8 3 7 | 9 5 2 |
| 7 9 8 | 1 2 5 | 3 4 6 |
| 2 5 3 | 9 6 4 | 1 7 8 |
+-------+-------+-------+
| 3 6 2 | 7 5 9 | 8 1 4 |
| 5 8 1 | 2 4 6 | 7 3 9 |
| 4 7 9 | 3 1 8 | 6 2 5 |
+-------+-------+-------+
Судоку  72  решена за 0.078125 секунд.

+-------+-------+-------+
| 0 0 0 | 0 0 0 | 8 0 1 |
| 6 0 0 | 2 0 0 | 0 0 0 |
| 0 0 0 | 7 0 5 | 0 0 0 |
+-------+-------+-------+
| 0 0 0 | 6 0 0 | 0 2 0 |
| 0 1 0 | 0 0 0 | 3 0 0 |
| 0 8 0 | 0 0 0 | 0 0 0 |
+-------+-------+-------+
| 2 0 0 | 0 0 0 | 0 7 0 |
| 0 4 0 | 0 8 0 | 0 0 0 |
| 5 0 0 | 0 3 0 | 0 0 0 |
+-------+-------+-------+
+-------+-------+-------+
| 7 2 4 | 3 6 9 | 8 5 1 |
| 6 5 1 | 2 4 8 | 7 9 3 |
| 8 9 3 | 7 1 5 | 6 4 2 |
+-------+-------+-------+
| 3 7 5 | 6 9 1 | 4 2 8 |
| 9 1 2 | 8 7 4 | 3 6 5 |
| 4 8 6 | 5 2 3 | 9 1 7 |
+-------+-------+-------+
| 2 3 8 | 4 5 6 | 1 7 9 |
| 1 4 7 | 9 8 2 | 5 3 6 |
| 5 6 9 | 1 3 7 | 2 8 4 |
+-------+-------+-------+
Судоку  73  решена за 1.3125 секунд.

+-------+-------+-------+
| 0 2 0 | 0 0 0 | 0 0 0 |
| 0 0 0 | 6 0 0 | 0 0 3 |
| 0 7 4 | 0 8 0 | 0 0 0 |
+-------+-------+-------+
| 0 0 0 | 0 0 3 | 0 0 2 |
| 0 8 0 | 0 4 0 | 0 1 0 |
| 6 0 0 | 5 0 0 | 0 0 0 |
+-------+-------+-------+
| 0 0 0 | 0 1 0 | 7 8 0 |
| 5 0 0 | 0 0 9 | 0 0 0 |
| 0 0 0 | 0 0 0 | 0 4 0 |
+-------+-------+-------+
+-------+-------+-------+
| 1 2 6 | 4 3 7 | 9 5 8 |
| 8 9 5 | 6 2 1 | 4 7 3 |
| 3 7 4 | 9 8 5 | 1 2 6 |
+-------+-------+-------+
| 4 5 7 | 1 9 3 | 8 6 2 |
| 9 8 3 | 2 4 6 | 5 1 7 |
| 6 1 2 | 5 7 8 | 3 9 4 |
+-------+-------+-------+
| 2 6 9 | 3 1 4 | 7 8 5 |
| 5 4 8 | 7 6 9 | 2 3 1 |
| 7 3 1 | 8 5 2 | 6 4 9 |
+-------+-------+-------+
Судоку  74  решена за 0.84375 секунд.

+-------+-------+-------+
| 0 5 2 | 0 0 6 | 8 0 0 |
| 0 0 0 | 0 0 7 | 0 2 0 |
| 0 0 0 | 0 0 0 | 6 0 0 |
+-------+-------+-------+
| 0 0 4 | 8 0 0 | 9 0 0 |
| 2 0 0 | 4 1 0 | 0 0 0 |
| 0 0 1 | 0 0 0 | 0 0 8 |
+-------+-------+-------+
| 0 0 6 | 1 0 0 | 3 8 0 |
| 0 0 0 | 0 9 0 | 0 0 6 |
| 3 0 0 | 6 0 0 | 1 0 9 |
+-------+-------+-------+
+-------+-------+-------+
| 1 5 2 | 9 4 6 | 8 3 7 |
| 9 6 3 | 5 8 7 | 4 2 1 |
| 8 4 7 | 2 3 1 | 6 9 5 |
+-------+-------+-------+
| 5 7 4 | 8 6 3 | 9 1 2 |
| 2 8 9 | 4 1 5 | 7 6 3 |
| 6 3 1 | 7 2 9 | 5 4 8 |
+-------+-------+-------+
| 7 9 6 | 1 5 2 | 3 8 4 |
| 4 1 5 | 3 9 8 | 2 7 6 |
| 3 2 8 | 6 7 4 | 1 5 9 |
+-------+-------+-------+
Судоку  75  решена за 0.703125 секунд.

+-------+-------+-------+
| 0 0 0 | 0 1 0 | 7 8 0 |
| 5 0 0 | 0 0 9 | 0 0 0 |
| 0 0 0 | 0 0 0 | 0 4 0 |
+-------+-------+-------+
| 0 2 0 | 0 0 0 | 0 0 0 |
| 0 0 0 | 6 0 0 | 0 0 3 |
| 0 7 4 | 0 8 0 | 0 0 0 |
+-------+-------+-------+
| 0 0 0 | 0 0 3 | 0 0 2 |
| 0 8 0 | 0 4 0 | 0 1 0 |
| 6 0 0 | 5 0 0 | 0 0 0 |
+-------+-------+-------+
+-------+-------+-------+
| 2 6 9 | 3 1 4 | 7 8 5 |
| 5 4 8 | 7 6 9 | 2 3 1 |
| 7 3 1 | 8 5 2 | 6 4 9 |
+-------+-------+-------+
| 1 2 6 | 4 3 7 | 9 5 8 |
| 8 9 5 | 6 2 1 | 4 7 3 |
| 3 7 4 | 9 8 5 | 1 2 6 |
+-------+-------+-------+
| 4 5 7 | 1 9 3 | 8 6 2 |
| 9 8 3 | 2 4 6 | 5 1 7 |
| 6 1 2 | 5 7 8 | 3 9 4 |
+-------+-------+-------+
Судоку  76  решена за 0.578125 секунд.

+-------+-------+-------+
| 1 0 0 | 0 0 0 | 0 0 3 |
| 0 6 0 | 3 0 0 | 7 0 0 |
| 0 7 0 | 0 0 5 | 0 0 1 |
+-------+-------+-------+
| 2 1 0 | 7 0 0 | 0 9 0 |
| 0 0 7 | 0 0 0 | 0 0 0 |
| 0 0 8 | 0 1 0 | 0 2 0 |
+-------+-------+-------+
| 0 0 0 | 8 0 6 | 4 0 0 |
| 0 0 9 | 0 2 0 | 0 6 0 |
| 0 0 0 | 4 0 0 | 0 0 0 |
+-------+-------+-------+
+-------+-------+-------+
| 1 5 2 | 6 7 8 | 9 4 3 |
| 8 6 4 | 3 9 1 | 7 5 2 |
| 9 7 3 | 2 4 5 | 6 8 1 |
+-------+-------+-------+
| 2 1 5 | 7 6 3 | 8 9 4 |
| 4 9 7 | 5 8 2 | 1 3 6 |
| 6 3 8 | 9 1 4 | 5 2 7 |
+-------+-------+-------+
| 3 2 1 | 8 5 6 | 4 7 9 |
| 5 4 9 | 1 2 7 | 3 6 8 |
| 7 8 6 | 4 3 9 | 2 1 5 |
+-------+-------+-------+
Судоку  77  решена за 0.375 секунд.

+-------+-------+-------+
| 4 0 0 | 0 7 0 | 1 0 0 |
| 0 0 1 | 9 0 4 | 6 0 5 |
| 0 0 0 | 0 0 1 | 0 0 0 |
+-------+-------+-------+
| 0 0 0 | 7 0 0 | 0 0 2 |
| 0 0 2 | 0 3 0 | 0 0 0 |
| 8 4 7 | 0 0 6 | 0 0 0 |
+-------+-------+-------+
| 0 1 4 | 0 0 0 | 8 0 6 |
| 0 2 0 | 0 0 0 | 3 0 0 |
| 6 0 0 | 0 9 0 | 0 0 0 |
+-------+-------+-------+
+-------+-------+-------+
| 4 9 6 | 5 7 3 | 1 2 8 |
| 3 8 1 | 9 2 4 | 6 7 5 |
| 2 7 5 | 8 6 1 | 9 4 3 |
+-------+-------+-------+
| 1 5 3 | 7 8 9 | 4 6 2 |
| 9 6 2 | 4 3 5 | 7 8 1 |
| 8 4 7 | 2 1 6 | 5 3 9 |
+-------+-------+-------+
| 7 1 4 | 3 5 2 | 8 9 6 |
| 5 2 9 | 6 4 8 | 3 1 7 |
| 6 3 8 | 1 9 7 | 2 5 4 |
+-------+-------+-------+
Судоку  78  решена за 0.109375 секунд.

+-------+-------+-------+
| 0 0 0 | 0 0 0 | 8 0 1 |
| 7 0 0 | 2 0 0 | 0 0 0 |
| 0 0 0 | 5 0 6 | 0 0 0 |
+-------+-------+-------+
| 0 0 0 | 7 0 0 | 0 5 0 |
| 0 1 0 | 0 0 0 | 3 0 0 |
| 0 8 0 | 0 0 0 | 0 0 0 |
+-------+-------+-------+
| 5 0 0 | 0 0 0 | 0 2 0 |
| 0 3 0 | 0 8 0 | 0 0 0 |
| 6 0 0 | 0 4 0 | 0 0 0 |
+-------+-------+-------+
+-------+-------+-------+
| 2 5 3 | 4 7 9 | 8 6 1 |
| 7 6 1 | 2 3 8 | 5 9 4 |
| 8 9 4 | 5 1 6 | 7 3 2 |
+-------+-------+-------+
| 3 2 6 | 7 9 1 | 4 5 8 |
| 9 1 5 | 8 2 4 | 3 7 6 |
| 4 8 7 | 6 5 3 | 2 1 9 |
+-------+-------+-------+
| 5 4 8 | 1 6 7 | 9 2 3 |
| 1 3 2 | 9 8 5 | 6 4 7 |
| 6 7 9 | 3 4 2 | 1 8 5 |
+-------+-------+-------+
Судоку  79  решена за 1.90625 секунд.

+-------+-------+-------+
| 9 6 3 | 0 0 0 | 0 0 0 |
| 1 0 0 | 0 0 8 | 0 0 0 |
| 0 0 0 | 2 0 5 | 0 0 0 |
+-------+-------+-------+
| 0 4 0 | 8 0 0 | 0 0 0 |
| 0 1 0 | 0 0 0 | 7 0 0 |
| 0 0 0 | 0 3 0 | 0 2 5 |
+-------+-------+-------+
| 7 0 0 | 0 0 0 | 0 3 0 |
| 0 0 9 | 0 2 0 | 4 0 7 |
| 0 0 0 | 0 0 0 | 9 0 0 |
+-------+-------+-------+
+-------+-------+-------+
| 9 6 3 | 7 4 1 | 2 5 8 |
| 1 5 2 | 3 9 8 | 6 7 4 |
| 8 7 4 | 2 6 5 | 3 9 1 |
+-------+-------+-------+
| 3 4 5 | 8 7 2 | 1 6 9 |
| 2 1 8 | 9 5 6 | 7 4 3 |
| 6 9 7 | 1 3 4 | 8 2 5 |
+-------+-------+-------+
| 7 2 1 | 4 8 9 | 5 3 6 |
| 5 8 9 | 6 2 3 | 4 1 7 |
| 4 3 6 | 5 1 7 | 9 8 2 |
+-------+-------+-------+
Судоку  80  решена за 0.140625 секунд.

+-------+-------+-------+
| 1 5 0 | 3 0 0 | 0 0 0 |
| 0 7 0 | 0 4 0 | 2 0 0 |
| 0 0 4 | 0 7 2 | 0 0 0 |
+-------+-------+-------+
| 0 0 8 | 0 0 0 | 0 0 0 |
| 0 0 0 | 9 0 0 | 1 0 8 |
| 0 1 0 | 0 8 0 | 7 9 0 |
+-------+-------+-------+
| 0 0 0 | 0 0 3 | 8 0 0 |
| 0 0 0 | 0 0 0 | 0 0 0 |
| 6 0 0 | 0 0 7 | 4 2 3 |
+-------+-------+-------+
+-------+-------+-------+
| 1 5 2 | 3 9 8 | 6 4 7 |
| 9 7 3 | 6 4 1 | 2 8 5 |
| 8 6 4 | 5 7 2 | 9 3 1 |
+-------+-------+-------+
| 5 9 8 | 7 1 4 | 3 6 2 |
| 2 4 7 | 9 3 6 | 1 5 8 |
| 3 1 6 | 2 8 5 | 7 9 4 |
+-------+-------+-------+
| 7 2 5 | 4 6 3 | 8 1 9 |
| 4 3 1 | 8 2 9 | 5 7 6 |
| 6 8 9 | 1 5 7 | 4 2 3 |
+-------+-------+-------+
Судоку  81  решена за 0.484375 секунд.

+-------+-------+-------+
| 0 0 0 | 0 0 0 | 0 0 0 |
| 0 5 7 | 2 4 0 | 0 0 9 |
| 8 0 0 | 0 0 9 | 4 7 0 |
+-------+-------+-------+
| 0 0 9 | 0 0 3 | 0 0 0 |
| 5 0 0 | 9 0 0 | 1 2 0 |
| 0 0 3 | 0 1 0 | 9 0 0 |
+-------+-------+-------+
| 0 6 0 | 0 0 0 | 2 5 0 |
| 0 0 0 | 5 6 0 | 0 0 0 |
| 0 7 0 | 0 0 0 | 0 0 6 |
+-------+-------+-------+
+-------+-------+-------+
| 9 4 6 | 7 3 1 | 5 8 2 |
| 1 5 7 | 2 4 8 | 6 3 9 |
| 8 3 2 | 6 5 9 | 4 7 1 |
+-------+-------+-------+
| 7 1 9 | 4 2 3 | 8 6 5 |
| 5 8 4 | 9 7 6 | 1 2 3 |
| 6 2 3 | 8 1 5 | 9 4 7 |
+-------+-------+-------+
| 4 6 1 | 3 9 7 | 2 5 8 |
| 3 9 8 | 5 6 2 | 7 1 4 |
| 2 7 5 | 1 8 4 | 3 9 6 |
+-------+-------+-------+
Судоку  82  решена за 0.53125 секунд.

+-------+-------+-------+
| 0 0 0 | 0 7 5 | 0 0 0 |
| 0 1 0 | 0 2 0 | 0 0 0 |
| 0 4 0 | 0 0 3 | 0 0 0 |
+-------+-------+-------+
| 5 0 0 | 0 0 0 | 3 0 2 |
| 0 0 0 | 8 0 0 | 0 1 0 |
| 0 0 0 | 0 0 0 | 6 0 0 |
+-------+-------+-------+
| 0 0 0 | 1 0 0 | 4 8 0 |
| 2 0 0 | 0 0 0 | 0 0 0 |
| 7 0 0 | 0 0 0 | 0 0 0 |
+-------+-------+-------+
+-------+-------+-------+
| 9 3 2 | 4 7 5 | 8 6 1 |
| 6 1 7 | 9 2 8 | 5 3 4 |
| 8 4 5 | 6 1 3 | 2 7 9 |
+-------+-------+-------+
| 5 6 8 | 7 4 1 | 3 9 2 |
| 4 2 9 | 8 3 6 | 7 1 5 |
| 1 7 3 | 2 5 9 | 6 4 8 |
+-------+-------+-------+
| 3 5 6 | 1 9 2 | 4 8 7 |
| 2 9 4 | 3 8 7 | 1 5 6 |
| 7 8 1 | 5 6 4 | 9 2 3 |
+-------+-------+-------+
Судоку  83  решена за 0.765625 секунд.

+-------+-------+-------+
| 6 0 0 | 0 0 0 | 7 0 3 |
| 0 4 0 | 8 0 0 | 0 0 0 |
| 0 0 0 | 0 0 0 | 0 0 0 |
+-------+-------+-------+
| 0 0 0 | 5 0 4 | 0 8 0 |
| 7 0 0 | 2 0 0 | 0 0 0 |
| 1 0 3 | 0 0 0 | 0 0 0 |
+-------+-------+-------+
| 0 2 0 | 0 0 0 | 0 5 0 |
| 0 0 0 | 0 7 0 | 9 0 0 |
| 0 0 0 | 0 1 0 | 0 0 0 |
+-------+-------+-------+
+-------+-------+-------+
| 6 1 8 | 4 5 9 | 7 2 3 |
| 3 4 2 | 8 6 7 | 5 1 9 |
| 5 7 9 | 1 2 3 | 4 6 8 |
+-------+-------+-------+
| 2 9 6 | 5 3 4 | 1 8 7 |
| 7 8 4 | 2 9 1 | 6 3 5 |
| 1 5 3 | 7 8 6 | 2 9 4 |
+-------+-------+-------+
| 9 2 7 | 6 4 8 | 3 5 1 |
| 8 6 1 | 3 7 5 | 9 4 2 |
| 4 3 5 | 9 1 2 | 8 7 6 |
+-------+-------+-------+
Судоку  84  решена за 0.359375 секунд.

+-------+-------+-------+
| 0 0 0 | 0 6 0 | 0 0 4 |
| 0 0 6 | 0 3 0 | 0 0 0 |
| 1 0 0 | 4 0 0 | 5 0 7 |
+-------+-------+-------+
| 7 0 0 | 0 0 0 | 8 0 5 |
| 0 0 0 | 8 0 0 | 0 0 0 |
| 6 0 8 | 0 0 0 | 0 9 0 |
+-------+-------+-------+
| 0 0 2 | 0 9 0 | 0 0 0 |
| 4 0 0 | 0 0 3 | 2 0 0 |
| 0 0 9 | 7 0 0 | 1 0 0 |
+-------+-------+-------+
+-------+-------+-------+
| 9 5 7 | 2 6 1 | 3 8 4 |
| 8 4 6 | 5 3 7 | 9 2 1 |
| 1 2 3 | 4 8 9 | 5 6 7 |
+-------+-------+-------+
| 7 3 4 | 9 2 6 | 8 1 5 |
| 2 9 5 | 8 1 4 | 7 3 6 |
| 6 1 8 | 3 7 5 | 4 9 2 |
+-------+-------+-------+
| 5 7 2 | 1 9 8 | 6 4 3 |
| 4 8 1 | 6 5 3 | 2 7 9 |
| 3 6 9 | 7 4 2 | 1 5 8 |
+-------+-------+-------+
Судоку  85  решена за 0.140625 секунд.

+-------+-------+-------+
| 0 3 2 | 0 0 0 | 0 0 5 |
| 8 0 0 | 3 0 0 | 0 0 0 |
| 9 0 4 | 2 8 0 | 0 0 1 |
+-------+-------+-------+
| 0 0 0 | 4 0 0 | 0 3 9 |
| 0 0 0 | 6 0 0 | 0 5 0 |
| 0 0 0 | 0 1 0 | 0 0 0 |
+-------+-------+-------+
| 0 2 0 | 0 0 6 | 7 0 8 |
| 0 0 0 | 0 0 4 | 0 0 0 |
| 0 9 5 | 0 0 0 | 0 6 0 |
+-------+-------+-------+
+-------+-------+-------+
| 1 3 2 | 7 4 9 | 6 8 5 |
| 8 5 7 | 3 6 1 | 9 2 4 |
| 9 6 4 | 2 8 5 | 3 7 1 |
+-------+-------+-------+
| 2 1 6 | 4 5 7 | 8 3 9 |
| 3 4 8 | 6 9 2 | 1 5 7 |
| 5 7 9 | 8 1 3 | 2 4 6 |
+-------+-------+-------+
| 4 2 1 | 5 3 6 | 7 9 8 |
| 6 8 3 | 9 7 4 | 5 1 2 |
| 7 9 5 | 1 2 8 | 4 6 3 |
+-------+-------+-------+
Судоку  86  решена за 0.03125 секунд.

+-------+-------+-------+
| 0 0 0 | 5 0 3 | 0 0 0 |
| 0 0 0 | 0 6 0 | 7 0 0 |
| 5 0 8 | 0 0 0 | 0 1 6 |
+-------+-------+-------+
| 3 6 0 | 0 2 0 | 0 0 0 |
| 0 0 0 | 4 0 1 | 0 0 0 |
| 0 0 0 | 0 3 0 | 0 0 5 |
+-------+-------+-------+
| 6 7 0 | 0 0 0 | 2 0 8 |
| 0 0 4 | 0 7 0 | 0 0 0 |
| 0 0 0 | 2 0 0 | 5 0 0 |
+-------+-------+-------+
+-------+-------+-------+
| 7 4 6 | 5 1 3 | 8 9 2 |
| 1 3 2 | 8 6 9 | 7 5 4 |
| 5 9 8 | 7 4 2 | 3 1 6 |
+-------+-------+-------+
| 3 6 7 | 9 2 5 | 4 8 1 |
| 9 2 5 | 4 8 1 | 6 7 3 |
| 4 8 1 | 6 3 7 | 9 2 5 |
+-------+-------+-------+
| 6 7 9 | 1 5 4 | 2 3 8 |
| 2 5 4 | 3 7 8 | 1 6 9 |
| 8 1 3 | 2 9 6 | 5 4 7 |
+-------+-------+-------+
Судоку  87  решена за 0.5625 секунд.

+-------+-------+-------+
| 0 5 0 | 3 0 7 | 0 4 0 |
| 1 0 0 | 0 0 0 | 0 0 0 |
| 0 3 0 | 0 0 0 | 0 0 0 |
+-------+-------+-------+
| 5 0 8 | 0 3 0 | 6 1 0 |
| 0 0 0 | 8 0 0 | 5 0 9 |
| 0 6 0 | 0 1 0 | 0 0 0 |
+-------+-------+-------+
| 0 0 0 | 0 4 0 | 0 0 6 |
| 0 0 0 | 6 9 2 | 7 0 0 |
| 0 0 2 | 0 0 0 | 9 0 0 |
+-------+-------+-------+
+-------+-------+-------+
| 9 5 6 | 3 2 7 | 8 4 1 |
| 1 2 7 | 4 8 6 | 3 9 5 |
| 8 3 4 | 9 5 1 | 2 6 7 |
+-------+-------+-------+
| 5 4 8 | 7 3 9 | 6 1 2 |
| 2 7 1 | 8 6 4 | 5 3 9 |
| 3 6 9 | 2 1 5 | 4 7 8 |
+-------+-------+-------+
| 7 9 3 | 5 4 8 | 1 2 6 |
| 4 1 5 | 6 9 2 | 7 8 3 |
| 6 8 2 | 1 7 3 | 9 5 4 |
+-------+-------+-------+
Судоку  88  решена за 0.03125 секунд.

+-------+-------+-------+
| 0 0 5 | 0 0 8 | 0 0 1 |
| 8 0 0 | 0 0 0 | 0 9 0 |
| 0 0 0 | 0 0 0 | 7 8 0 |
+-------+-------+-------+
| 0 0 0 | 4 0 0 | 0 0 0 |
| 6 4 0 | 0 0 0 | 9 0 0 |
| 0 0 0 | 0 5 3 | 0 0 2 |
+-------+-------+-------+
| 0 6 0 | 0 0 0 | 0 0 0 |
| 0 0 1 | 3 8 0 | 0 5 0 |
| 0 0 0 | 9 0 7 | 1 4 0 |
+-------+-------+-------+
+-------+-------+-------+
| 9 3 5 | 7 4 8 | 6 2 1 |
| 8 7 6 | 2 3 1 | 5 9 4 |
| 1 2 4 | 6 9 5 | 7 8 3 |
+-------+-------+-------+
| 5 1 2 | 4 6 9 | 3 7 8 |
| 6 4 3 | 8 7 2 | 9 1 5 |
| 7 8 9 | 1 5 3 | 4 6 2 |
+-------+-------+-------+
| 2 6 7 | 5 1 4 | 8 3 9 |
| 4 9 1 | 3 8 6 | 2 5 7 |
| 3 5 8 | 9 2 7 | 1 4 6 |
+-------+-------+-------+
Судоку  89  решена за 0.546875 секунд.

+-------+-------+-------+
| 0 0 0 | 0 0 0 | 0 0 0 |
| 0 7 2 | 0 6 0 | 1 0 0 |
| 0 0 5 | 1 0 0 | 0 8 2 |
+-------+-------+-------+
| 0 8 0 | 0 0 1 | 3 0 0 |
| 4 0 0 | 0 0 0 | 0 0 0 |
| 0 3 7 | 0 9 0 | 0 1 0 |
+-------+-------+-------+
| 0 0 0 | 0 2 3 | 8 0 0 |
| 5 0 4 | 0 0 9 | 0 0 0 |
| 0 0 0 | 0 0 0 | 7 9 0 |
+-------+-------+-------+
+-------+-------+-------+
| 1 4 3 | 2 5 8 | 6 7 9 |
| 8 7 2 | 9 6 4 | 1 5 3 |
| 6 9 5 | 1 3 7 | 4 8 2 |
+-------+-------+-------+
| 9 8 6 | 5 4 1 | 3 2 7 |
| 4 5 1 | 3 7 2 | 9 6 8 |
| 2 3 7 | 8 9 6 | 5 1 4 |
+-------+-------+-------+
| 7 1 9 | 6 2 3 | 8 4 5 |
| 5 6 4 | 7 8 9 | 2 3 1 |
| 3 2 8 | 4 1 5 | 7 9 6 |
+-------+-------+-------+
Судоку  90  решена за 0.125 секунд.

+-------+-------+-------+
| 0 0 0 | 6 5 8 | 0 0 0 |
| 0 0 4 | 0 0 0 | 0 0 0 |
| 1 2 0 | 0 0 0 | 0 0 0 |
+-------+-------+-------+
| 0 0 0 | 0 0 9 | 6 0 7 |
| 0 0 0 | 3 0 0 | 5 0 0 |
| 0 0 2 | 0 8 0 | 0 0 3 |
+-------+-------+-------+
| 0 0 1 | 9 0 0 | 8 0 0 |
| 3 0 6 | 0 0 0 | 0 0 4 |
| 0 0 0 | 0 4 7 | 3 0 0 |
+-------+-------+-------+
+-------+-------+-------+
| 9 3 7 | 6 5 8 | 2 4 1 |
| 8 6 4 | 2 9 1 | 7 3 5 |
| 1 2 5 | 7 3 4 | 9 8 6 |
+-------+-------+-------+
| 5 8 3 | 4 1 9 | 6 2 7 |
| 6 4 9 | 3 7 2 | 5 1 8 |
| 7 1 2 | 5 8 6 | 4 9 3 |
+-------+-------+-------+
| 4 7 1 | 9 6 3 | 8 5 2 |
| 3 9 6 | 8 2 5 | 1 7 4 |
| 2 5 8 | 1 4 7 | 3 6 9 |
+-------+-------+-------+
Судоку  91  решена за 0.078125 секунд.

+-------+-------+-------+
| 0 2 0 | 3 0 0 | 0 0 0 |
| 0 0 6 | 0 0 8 | 0 9 0 |
| 8 3 0 | 5 0 0 | 0 0 0 |
+-------+-------+-------+
| 0 0 0 | 2 0 0 | 0 8 0 |
| 7 0 9 | 0 0 5 | 0 0 0 |
| 0 0 0 | 0 0 6 | 0 0 4 |
+-------+-------+-------+
| 0 0 0 | 0 0 0 | 0 1 0 |
| 0 0 1 | 0 0 0 | 4 0 2 |
| 2 0 0 | 7 0 0 | 8 0 9 |
+-------+-------+-------+
+-------+-------+-------+
| 9 2 4 | 3 6 1 | 7 5 8 |
| 1 5 6 | 4 7 8 | 2 9 3 |
| 8 3 7 | 5 9 2 | 6 4 1 |
+-------+-------+-------+
| 6 1 3 | 2 4 7 | 9 8 5 |
| 7 4 9 | 1 8 5 | 3 2 6 |
| 5 8 2 | 9 3 6 | 1 7 4 |
+-------+-------+-------+
| 4 9 8 | 6 2 3 | 5 1 7 |
| 3 7 1 | 8 5 9 | 4 6 2 |
| 2 6 5 | 7 1 4 | 8 3 9 |
+-------+-------+-------+
Судоку  92  решена за 0.03125 секунд.

+-------+-------+-------+
| 0 5 0 | 0 9 0 | 0 0 0 |
| 1 0 0 | 0 0 0 | 6 0 0 |
| 0 0 0 | 3 0 8 | 0 0 0 |
+-------+-------+-------+
| 0 0 8 | 0 4 0 | 0 0 9 |
| 5 1 4 | 0 0 0 | 0 0 0 |
| 0 3 0 | 0 0 0 | 2 0 0 |
+-------+-------+-------+
| 0 0 0 | 0 0 0 | 0 0 4 |
| 0 8 0 | 0 0 6 | 0 0 7 |
| 7 0 0 | 1 5 0 | 0 6 0 |
+-------+-------+-------+
+-------+-------+-------+
| 8 5 6 | 4 9 1 | 3 7 2 |
| 1 4 3 | 5 7 2 | 6 9 8 |
| 9 2 7 | 3 6 8 | 4 5 1 |
+-------+-------+-------+
| 2 7 8 | 6 4 5 | 1 3 9 |
| 5 1 4 | 9 2 3 | 7 8 6 |
| 6 3 9 | 8 1 7 | 2 4 5 |
+-------+-------+-------+
| 3 6 1 | 7 8 9 | 5 2 4 |
| 4 8 5 | 2 3 6 | 9 1 7 |
| 7 9 2 | 1 5 4 | 8 6 3 |
+-------+-------+-------+
Судоку  93  решена за 0.234375 секунд.

+-------+-------+-------+
| 0 0 0 | 0 0 2 | 0 0 0 |
| 0 0 0 | 0 7 0 | 0 0 1 |
| 7 0 0 | 3 0 0 | 0 9 0 |
+-------+-------+-------+
| 8 0 0 | 7 0 0 | 0 0 0 |
| 0 2 0 | 8 9 0 | 6 0 0 |
| 0 1 3 | 0 0 6 | 0 0 0 |
+-------+-------+-------+
| 0 9 0 | 0 5 0 | 8 2 4 |
| 0 0 0 | 0 0 8 | 9 1 0 |
| 0 0 0 | 0 0 0 | 0 0 0 |
+-------+-------+-------+
+-------+-------+-------+
| 6 5 9 | 4 1 2 | 3 7 8 |
| 2 3 8 | 6 7 9 | 4 5 1 |
| 7 4 1 | 3 8 5 | 2 9 6 |
+-------+-------+-------+
| 8 6 5 | 7 2 3 | 1 4 9 |
| 4 2 7 | 8 9 1 | 6 3 5 |
| 9 1 3 | 5 4 6 | 7 8 2 |
+-------+-------+-------+
| 3 9 6 | 1 5 7 | 8 2 4 |
| 5 7 4 | 2 6 8 | 9 1 3 |
| 1 8 2 | 9 3 4 | 5 6 7 |
+-------+-------+-------+
Судоку  94  решена за 0.09375 секунд.

+-------+-------+-------+
| 3 0 0 | 0 8 0 | 0 0 0 |
| 0 0 0 | 7 0 0 | 0 0 5 |
| 1 0 0 | 0 0 0 | 0 0 0 |
+-------+-------+-------+
| 0 0 0 | 0 0 0 | 3 6 0 |
| 0 0 2 | 0 0 4 | 0 0 0 |
| 0 7 0 | 0 0 0 | 0 0 0 |
+-------+-------+-------+
| 0 0 0 | 0 6 0 | 1 3 0 |
| 0 4 5 | 2 0 0 | 0 0 0 |
| 0 0 0 | 0 0 0 | 8 0 0 |
+-------+-------+-------+
+-------+-------+-------+
| 3 5 4 | 1 8 6 | 9 2 7 |
| 2 9 8 | 7 4 3 | 6 1 5 |
| 1 6 7 | 9 5 2 | 4 8 3 |
+-------+-------+-------+
| 4 8 1 | 5 2 7 | 3 6 9 |
| 9 3 2 | 6 1 4 | 5 7 8 |
| 5 7 6 | 3 9 8 | 2 4 1 |
+-------+-------+-------+
| 7 2 9 | 8 6 5 | 1 3 4 |
| 8 4 5 | 2 3 1 | 7 9 6 |
| 6 1 3 | 4 7 9 | 8 5 2 |
+-------+-------+-------+
Судоку  95  решена за 1.0 секунд.

+-------+-------+-------+
| 2 0 0 | 0 0 5 | 0 0 0 |
| 0 0 0 | 0 7 0 | 0 4 0 |
| 0 0 6 | 0 0 0 | 3 0 0 |
+-------+-------+-------+
| 0 0 0 | 3 0 0 | 6 0 1 |
| 0 4 0 | 8 0 0 | 0 0 0 |
| 7 0 0 | 0 0 0 | 0 0 0 |
+-------+-------+-------+
| 0 7 0 | 0 0 0 | 2 5 0 |
| 0 0 0 | 4 0 0 | 0 0 0 |
| 0 0 0 | 0 1 0 | 0 0 0 |
+-------+-------+-------+
+-------+-------+-------+
| 2 3 7 | 6 4 5 | 1 9 8 |
| 8 1 9 | 2 7 3 | 5 4 6 |
| 4 5 6 | 1 8 9 | 3 2 7 |
+-------+-------+-------+
| 9 8 5 | 3 2 4 | 6 7 1 |
| 1 4 2 | 8 6 7 | 9 3 5 |
| 7 6 3 | 5 9 1 | 4 8 2 |
+-------+-------+-------+
| 6 7 1 | 9 3 8 | 2 5 4 |
| 3 2 8 | 4 5 6 | 7 1 9 |
| 5 9 4 | 7 1 2 | 8 6 3 |
+-------+-------+-------+
Судоку  96  решена за 1.015625 секунд.

+-------+-------+-------+
| 0 0 0 | 0 3 1 | 0 0 0 |
| 0 9 0 | 0 0 0 | 0 5 0 |
| 0 0 0 | 0 0 0 | 8 0 0 |
+-------+-------+-------+
| 3 0 6 | 8 0 0 | 0 0 0 |
| 7 0 0 | 0 0 0 | 0 0 2 |
| 0 0 8 | 0 0 0 | 0 4 0 |
+-------+-------+-------+
| 0 0 0 | 6 4 0 | 3 0 0 |
| 0 2 0 | 0 0 0 | 0 0 0 |
| 1 0 0 | 0 0 0 | 0 0 0 |
+-------+-------+-------+
+-------+-------+-------+
| 8 7 2 | 5 3 1 | 9 6 4 |
| 4 9 3 | 7 8 6 | 2 5 1 |
| 5 6 1 | 2 9 4 | 8 3 7 |
+-------+-------+-------+
| 3 4 6 | 8 2 5 | 1 7 9 |
| 7 1 9 | 4 6 3 | 5 8 2 |
| 2 5 8 | 1 7 9 | 6 4 3 |
+-------+-------+-------+
| 9 8 7 | 6 4 2 | 3 1 5 |
| 6 2 5 | 3 1 7 | 4 9 8 |
| 1 3 4 | 9 5 8 | 7 2 6 |
+-------+-------+-------+
Судоку  97  решена за 14.265625 секунд.

+-------+-------+-------+
| 0 0 0 | 0 5 2 | 0 0 0 |
| 0 0 0 | 0 0 0 | 1 0 0 |
| 0 0 0 | 0 3 0 | 0 0 0 |
+-------+-------+-------+
| 0 6 0 | 1 0 0 | 4 0 0 |
| 0 0 0 | 0 0 0 | 0 3 0 |
| 0 8 0 | 0 0 0 | 0 0 0 |
+-------+-------+-------+
| 3 0 0 | 0 0 0 | 6 0 2 |
| 7 0 5 | 4 0 0 | 0 0 0 |
| 2 0 0 | 5 0 0 | 0 0 0 |
+-------+-------+-------+
+-------+-------+-------+
| 6 3 1 | 9 5 2 | 8 4 7 |
| 5 2 9 | 8 4 7 | 1 6 3 |
| 8 7 4 | 6 3 1 | 2 9 5 |
+-------+-------+-------+
| 9 6 3 | 1 7 5 | 4 2 8 |
| 4 5 7 | 2 6 8 | 9 3 1 |
| 1 8 2 | 3 9 4 | 5 7 6 |
+-------+-------+-------+
| 3 4 8 | 7 1 9 | 6 5 2 |
| 7 1 5 | 4 2 6 | 3 8 9 |
| 2 9 6 | 5 8 3 | 7 1 4 |
+-------+-------+-------+
Судоку  98  решена за 0.8125 секунд.

+-------+-------+-------+
| 5 8 0 | 0 0 0 | 0 0 2 |
| 0 6 0 | 3 0 0 | 0 0 0 |
| 0 0 0 | 1 0 0 | 0 0 0 |
+-------+-------+-------+
| 7 5 2 | 0 0 0 | 0 0 0 |
| 0 0 0 | 0 0 0 | 3 6 0 |
| 0 0 0 | 0 0 0 | 1 0 0 |
+-------+-------+-------+
| 4 0 0 | 0 8 7 | 0 0 0 |
| 0 0 0 | 0 5 0 | 0 0 0 |
| 0 0 1 | 0 0 0 | 0 0 0 |
+-------+-------+-------+
+-------+-------+-------+
| 5 8 3 | 7 6 4 | 9 1 2 |
| 1 6 9 | 3 2 5 | 4 7 8 |
| 2 7 4 | 1 9 8 | 5 3 6 |
+-------+-------+-------+
| 7 5 2 | 6 1 3 | 8 4 9 |
| 9 1 8 | 5 4 2 | 3 6 7 |
| 3 4 6 | 8 7 9 | 1 2 5 |
+-------+-------+-------+
| 4 3 5 | 2 8 7 | 6 9 1 |
| 6 9 7 | 4 5 1 | 2 8 3 |
| 8 2 1 | 9 3 6 | 7 5 4 |
+-------+-------+-------+
Судоку  99  решена за 0.765625 секунд.

+-------+-------+-------+
| 0 0 0 | 7 0 0 | 3 0 0 |
| 0 8 0 | 0 0 0 | 1 0 0 |
| 0 2 0 | 0 4 0 | 0 0 0 |
+-------+-------+-------+
| 6 0 0 | 3 0 0 | 0 0 2 |
| 0 0 0 | 0 0 0 | 0 5 8 |
| 0 0 0 | 0 0 0 | 0 4 0 |
+-------+-------+-------+
| 0 0 0 | 0 8 1 | 0 0 0 |
| 1 0 7 | 0 0 0 | 0 0 0 |
| 3 0 0 | 0 0 0 | 0 0 0 |
+-------+-------+-------+
+-------+-------+-------+
| 4 5 6 | 7 1 2 | 3 8 9 |
| 7 8 3 | 5 9 6 | 1 2 4 |
| 9 2 1 | 8 4 3 | 5 7 6 |
+-------+-------+-------+
| 6 7 4 | 3 5 8 | 9 1 2 |
| 2 3 9 | 1 6 4 | 7 5 8 |
| 8 1 5 | 9 2 7 | 6 4 3 |
+-------+-------+-------+
| 5 9 2 | 6 8 1 | 4 3 7 |
| 1 4 7 | 2 3 9 | 8 6 5 |
| 3 6 8 | 4 7 5 | 2 9 1 |
+-------+-------+-------+
Судоку 100  решена за 4.921875 секунд.

Все 100 судок решены за 360.765625 сек.
